7 2 4 8 16 32
11 2 4 8 16 32
19 2 4 8 16 32
35 2 4 8 16 32
3 3 4 8 16 32
3 6 4 8 16 32
3 10 4 8 16 32
3 18 4 8 16 32
3 34 4 8 16 32
3 2 5 8 16 32
3 2 6 8 16 32
3 2 12 8 16 32
3 2 20 8 16 32
3 2 36 8 16 32
3 2 4 9 16 32
3 2 4 10 16 32
3 2 4 12 16 32
3 2 4 24 16 32
3 2 4 40 16 32
3 2 4 8 17 32
3 2 4 8 18 32
3 2 4 8 20 32
3 2 4 8 24 32
3 2 4 8 48 32
3 2 4 8 16 33
3 2 4 8 16 34
3 2 4 8 16 36
3 2 4 8 16 40
3 2 4 8 16 48
13 2 4 8 16 32
21 2 4 8 16 32
37 2 4 8 16 32
5 3 4 8 16 32
5 6 4 8 16 32
5 10 4 8 16 32
5 18 4 8 16 32
5 34 4 8 16 32
5 2 5 8 16 32
5 2 6 8 16 32
5 2 12 8 16 32
5 2 20 8 16 32
5 2 36 8 16 32
5 2 4 9 16 32
5 2 4 10 16 32
5 2 4 12 16 32
5 2 4 24 16 32
5 2 4 40 16 32
5 2 4 8 17 32
5 2 4 8 18 32
5 2 4 8 20 32
5 2 4 8 24 32
5 2 4 8 48 32
5 2 4 8 16 33
5 2 4 8 16 34
5 2 4 8 16 36
5 2 4 8 16 40
5 2 4 8 16 48
25 2 4 8 16 32
41 2 4 8 16 32
9 3 4 8 16 32
9 6 4 8 16 32
9 10 4 8 16 32
9 18 4 8 16 32
9 34 4 8 16 32
9 2 5 8 16 32
9 2 6 8 16 32
9 2 12 8 16 32
9 2 20 8 16 32
9 2 36 8 16 32
9 2 4 9 16 32
9 2 4 10 16 32
9 2 4 12 16 32
9 2 4 24 16 32
9 2 4 40 16 32
9 2 4 8 17 32
9 2 4 8 18 32
9 2 4 8 20 32
9 2 4 8 24 32
9 2 4 8 48 32
9 2 4 8 16 33
9 2 4 8 16 34
9 2 4 8 16 36
9 2 4 8 16 40
9 2 4 8 16 48
49 2 4 8 16 32
17 3 4 8 16 32
17 6 4 8 16 32
17 10 4 8 16 32
17 18 4 8 16 32
17 34 4 8 16 32
17 2 5 8 16 32
17 2 6 8 16 32
17 2 12 8 16 32
17 2 20 8 16 32
17 2 36 8 16 32
17 2 4 9 16 32
17 2 4 10 16 32
17 2 4 12 16 32
17 2 4 24 16 32
17 2 4 40 16 32
17 2 4 8 17 32
17 2 4 8 18 32
17 2 4 8 20 32
17 2 4 8 24 32
17 2 4 8 48 32
17 2 4 8 16 33
17 2 4 8 16 34
17 2 4 8 16 36
17 2 4 8 16 40
17 2 4 8 16 48
33 3 4 8 16 32
33 6 4 8 16 32
33 10 4 8 16 32
33 18 4 8 16 32
33 34 4 8 16 32
33 2 5 8 16 32
33 2 6 8 16 32
33 2 12 8 16 32
33 2 20 8 16 32
33 2 36 8 16 32
33 2 4 9 16 32
33 2 4 10 16 32
33 2 4 12 16 32
33 2 4 24 16 32
33 2 4 40 16 32
33 2 4 8 17 32
33 2 4 8 18 32
33 2 4 8 20 32
33 2 4 8 24 32
33 2 4 8 48 32
33 2 4 8 16 33
33 2 4 8 16 34
33 2 4 8 16 36
33 2 4 8 16 40
33 2 4 8 16 48
1 7 4 8 16 32
1 11 4 8 16 32
1 19 4 8 16 32
1 35 4 8 16 32
1 3 5 8 16 32
1 3 6 8 16 32
1 3 12 8 16 32
1 3 20 8 16 32
1 3 36 8 16 32
1 3 4 9 16 32
1 3 4 10 16 32
1 3 4 12 16 32
1 3 4 24 16 32
1 3 4 40 16 32
1 3 4 8 17 32
1 3 4 8 18 32
1 3 4 8 20 32
1 3 4 8 24 32
1 3 4 8 48 32
1 3 4 8 16 33
1 3 4 8 16 34
1 3 4 8 16 36
1 3 4 8 16 40
1 3 4 8 16 48
1 14 4 8 16 32
1 22 4 8 16 32
1 38 4 8 16 32
1 6 5 8 16 32
1 6 6 8 16 32
1 6 12 8 16 32
1 6 20 8 16 32
1 6 36 8 16 32
1 6 4 9 16 32
1 6 4 10 16 32
1 6 4 12 16 32
1 6 4 24 16 32
1 6 4 40 16 32
1 6 4 8 17 32
1 6 4 8 18 32
1 6 4 8 20 32
1 6 4 8 24 32
1 6 4 8 48 32
1 6 4 8 16 33
1 6 4 8 16 34
1 6 4 8 16 36
1 6 4 8 16 40
1 6 4 8 16 48
1 26 4 8 16 32
1 42 4 8 16 32
1 10 5 8 16 32
1 10 6 8 16 32
1 10 12 8 16 32
1 10 20 8 16 32
1 10 36 8 16 32
1 10 4 9 16 32
1 10 4 10 16 32
1 10 4 12 16 32
1 10 4 24 16 32
1 10 4 40 16 32
1 10 4 8 17 32
1 10 4 8 18 32
1 10 4 8 20 32
1 10 4 8 24 32
1 10 4 8 48 32
1 10 4 8 16 33
1 10 4 8 16 34
1 10 4 8 16 36
1 10 4 8 16 40
1 10 4 8 16 48
1 50 4 8 16 32
1 18 5 8 16 32
1 18 6 8 16 32
1 18 12 8 16 32
1 18 20 8 16 32
1 18 36 8 16 32
1 18 4 9 16 32
1 18 4 10 16 32
1 18 4 12 16 32
1 18 4 24 16 32
1 18 4 40 16 32
1 18 4 8 17 32
1 18 4 8 18 32
1 18 4 8 20 32
1 18 4 8 24 32
1 18 4 8 48 32
1 18 4 8 16 33
1 18 4 8 16 34
1 18 4 8 16 36
1 18 4 8 16 40
1 18 4 8 16 48
1 34 5 8 16 32
1 34 6 8 16 32
1 34 12 8 16 32
1 34 20 8 16 32
1 34 36 8 16 32
1 34 4 9 16 32
1 34 4 10 16 32
1 34 4 12 16 32
1 34 4 24 16 32
1 34 4 40 16 32
1 34 4 8 17 32
1 34 4 8 18 32
1 34 4 8 20 32
1 34 4 8 24 32
1 34 4 8 48 32
1 34 4 8 16 33
1 34 4 8 16 34
1 34 4 8 16 36
1 34 4 8 16 40
1 34 4 8 16 48
1 2 7 8 16 32
1 2 13 8 16 32
1 2 21 8 16 32
1 2 37 8 16 32
1 2 5 9 16 32
1 2 5 10 16 32
1 2 5 12 16 32
1 2 5 24 16 32
1 2 5 40 16 32
1 2 5 8 17 32
1 2 5 8 18 32
1 2 5 8 20 32
1 2 5 8 24 32
1 2 5 8 48 32
1 2 5 8 16 33
1 2 5 8 16 34
1 2 5 8 16 36
1 2 5 8 16 40
1 2 5 8 16 48
1 2 14 8 16 32
1 2 22 8 16 32
1 2 38 8 16 32
1 2 6 9 16 32
1 2 6 10 16 32
1 2 6 12 16 32
1 2 6 24 16 32
1 2 6 40 16 32
1 2 6 8 17 32
1 2 6 8 18 32
1 2 6 8 20 32
1 2 6 8 24 32
1 2 6 8 48 32
1 2 6 8 16 33
1 2 6 8 16 34
1 2 6 8 16 36
1 2 6 8 16 40
1 2 6 8 16 48
1 2 28 8 16 32
1 2 44 8 16 32
1 2 12 9 16 32
1 2 12 10 16 32
1 2 12 12 16 32
1 2 12 24 16 32
1 2 12 40 16 32
1 2 12 8 17 32
1 2 12 8 18 32
1 2 12 8 20 32
1 2 12 8 24 32
1 2 12 8 48 32
1 2 12 8 16 33
1 2 12 8 16 34
1 2 12 8 16 36
1 2 12 8 16 40
1 2 12 8 16 48
1 2 52 8 16 32
1 2 20 9 16 32
1 2 20 10 16 32
1 2 20 12 16 32
1 2 20 24 16 32
1 2 20 40 16 32
1 2 20 8 17 32
1 2 20 8 18 32
1 2 20 8 20 32
1 2 20 8 24 32
1 2 20 8 48 32
1 2 20 8 16 33
1 2 20 8 16 34
1 2 20 8 16 36
1 2 20 8 16 40
1 2 20 8 16 48
1 2 36 9 16 32
1 2 36 10 16 32
1 2 36 12 16 32
1 2 36 24 16 32
1 2 36 40 16 32
1 2 36 8 17 32
1 2 36 8 18 32
1 2 36 8 20 32
1 2 36 8 24 32
1 2 36 8 48 32
1 2 36 8 16 33
1 2 36 8 16 34
1 2 36 8 16 36
1 2 36 8 16 40
1 2 36 8 16 48
1 2 4 11 16 32
1 2 4 13 16 32
1 2 4 25 16 32
1 2 4 41 16 32
1 2 4 9 17 32
1 2 4 9 18 32
1 2 4 9 20 32
1 2 4 9 24 32
1 2 4 9 48 32
1 2 4 9 16 33
1 2 4 9 16 34
1 2 4 9 16 36
1 2 4 9 16 40
1 2 4 9 16 48
1 2 4 14 16 32
1 2 4 26 16 32
1 2 4 42 16 32
1 2 4 10 17 32
1 2 4 10 18 32
1 2 4 10 20 32
1 2 4 10 24 32
1 2 4 10 48 32
1 2 4 10 16 33
1 2 4 10 16 34
1 2 4 10 16 36
1 2 4 10 16 40
1 2 4 10 16 48
1 2 4 28 16 32
1 2 4 44 16 32
1 2 4 12 17 32
1 2 4 12 18 32
1 2 4 12 20 32
1 2 4 12 24 32
1 2 4 12 48 32
1 2 4 12 16 33
1 2 4 12 16 34
1 2 4 12 16 36
1 2 4 12 16 40
1 2 4 12 16 48
1 2 4 56 16 32
1 2 4 24 17 32
1 2 4 24 18 32
1 2 4 24 20 32
1 2 4 24 24 32
1 2 4 24 48 32
1 2 4 24 16 33
1 2 4 24 16 34
1 2 4 24 16 36
1 2 4 24 16 40
1 2 4 24 16 48
1 2 4 40 17 32
1 2 4 40 18 32
1 2 4 40 20 32
1 2 4 40 24 32
1 2 4 40 48 32
1 2 4 40 16 33
1 2 4 40 16 34
1 2 4 40 16 36
1 2 4 40 16 40
1 2 4 40 16 48
1 2 4 8 19 32
1 2 4 8 21 32
1 2 4 8 25 32
1 2 4 8 49 32
1 2 4 8 17 33
1 2 4 8 17 34
1 2 4 8 17 36
1 2 4 8 17 40
1 2 4 8 17 48
1 2 4 8 22 32
1 2 4 8 26 32
1 2 4 8 50 32
1 2 4 8 18 33
1 2 4 8 18 34
1 2 4 8 18 36
1 2 4 8 18 40
1 2 4 8 18 48
1 2 4 8 28 32
1 2 4 8 52 32
1 2 4 8 20 33
1 2 4 8 20 34
1 2 4 8 20 36
1 2 4 8 20 40
1 2 4 8 20 48
1 2 4 8 56 32
1 2 4 8 24 33
1 2 4 8 24 34
1 2 4 8 24 36
1 2 4 8 24 40
1 2 4 8 24 48
1 2 4 8 48 33
1 2 4 8 48 34
1 2 4 8 48 36
1 2 4 8 48 40
1 2 4 8 48 48
1 2 4 8 16 35
1 2 4 8 16 37
1 2 4 8 16 41
1 2 4 8 16 49
1 2 4 8 16 38
1 2 4 8 16 42
1 2 4 8 16 50
1 2 4 8 16 44
1 2 4 8 16 52
1 2 4 8 16 56
7 2 4 8 32 16
11 2 4 8 32 16
19 2 4 8 32 16
35 2 4 8 32 16
3 3 4 8 32 16
3 6 4 8 32 16
3 10 4 8 32 16
3 18 4 8 32 16
3 34 4 8 32 16
3 2 5 8 32 16
3 2 6 8 32 16
3 2 12 8 32 16
3 2 20 8 32 16
3 2 36 8 32 16
3 2 4 9 32 16
3 2 4 10 32 16
3 2 4 12 32 16
3 2 4 24 32 16
3 2 4 40 32 16
3 2 4 8 33 16
3 2 4 8 34 16
3 2 4 8 36 16
3 2 4 8 40 16
3 2 4 8 48 16
3 2 4 8 32 17
3 2 4 8 32 18
3 2 4 8 32 20
3 2 4 8 32 24
3 2 4 8 32 48
13 2 4 8 32 16
21 2 4 8 32 16
37 2 4 8 32 16
5 3 4 8 32 16
5 6 4 8 32 16
5 10 4 8 32 16
5 18 4 8 32 16
5 34 4 8 32 16
5 2 5 8 32 16
5 2 6 8 32 16
5 2 12 8 32 16
5 2 20 8 32 16
5 2 36 8 32 16
5 2 4 9 32 16
5 2 4 10 32 16
5 2 4 12 32 16
5 2 4 24 32 16
5 2 4 40 32 16
5 2 4 8 33 16
5 2 4 8 34 16
5 2 4 8 36 16
5 2 4 8 40 16
5 2 4 8 48 16
5 2 4 8 32 17
5 2 4 8 32 18
5 2 4 8 32 20
5 2 4 8 32 24
5 2 4 8 32 48
25 2 4 8 32 16
41 2 4 8 32 16
9 3 4 8 32 16
9 6 4 8 32 16
9 10 4 8 32 16
9 18 4 8 32 16
9 34 4 8 32 16
9 2 5 8 32 16
9 2 6 8 32 16
9 2 12 8 32 16
9 2 20 8 32 16
9 2 36 8 32 16
9 2 4 9 32 16
9 2 4 10 32 16
9 2 4 12 32 16
9 2 4 24 32 16
9 2 4 40 32 16
9 2 4 8 33 16
9 2 4 8 34 16
9 2 4 8 36 16
9 2 4 8 40 16
9 2 4 8 48 16
9 2 4 8 32 17
9 2 4 8 32 18
9 2 4 8 32 20
9 2 4 8 32 24
9 2 4 8 32 48
49 2 4 8 32 16
17 3 4 8 32 16
17 6 4 8 32 16
17 10 4 8 32 16
17 18 4 8 32 16
17 34 4 8 32 16
17 2 5 8 32 16
17 2 6 8 32 16
17 2 12 8 32 16
17 2 20 8 32 16
17 2 36 8 32 16
17 2 4 9 32 16
17 2 4 10 32 16
17 2 4 12 32 16
17 2 4 24 32 16
17 2 4 40 32 16
17 2 4 8 33 16
17 2 4 8 34 16
17 2 4 8 36 16
17 2 4 8 40 16
17 2 4 8 48 16
17 2 4 8 32 17
17 2 4 8 32 18
17 2 4 8 32 20
17 2 4 8 32 24
17 2 4 8 32 48
33 3 4 8 32 16
33 6 4 8 32 16
33 10 4 8 32 16
33 18 4 8 32 16
33 34 4 8 32 16
33 2 5 8 32 16
33 2 6 8 32 16
33 2 12 8 32 16
33 2 20 8 32 16
33 2 36 8 32 16
33 2 4 9 32 16
33 2 4 10 32 16
33 2 4 12 32 16
33 2 4 24 32 16
33 2 4 40 32 16
33 2 4 8 33 16
33 2 4 8 34 16
33 2 4 8 36 16
33 2 4 8 40 16
33 2 4 8 48 16
33 2 4 8 32 17
33 2 4 8 32 18
33 2 4 8 32 20
33 2 4 8 32 24
33 2 4 8 32 48
1 7 4 8 32 16
1 11 4 8 32 16
1 19 4 8 32 16
1 35 4 8 32 16
1 3 5 8 32 16
1 3 6 8 32 16
1 3 12 8 32 16
1 3 20 8 32 16
1 3 36 8 32 16
1 3 4 9 32 16
1 3 4 10 32 16
1 3 4 12 32 16
1 3 4 24 32 16
1 3 4 40 32 16
1 3 4 8 33 16
1 3 4 8 34 16
1 3 4 8 36 16
1 3 4 8 40 16
1 3 4 8 48 16
1 3 4 8 32 17
1 3 4 8 32 18
1 3 4 8 32 20
1 3 4 8 32 24
1 3 4 8 32 48
1 14 4 8 32 16
1 22 4 8 32 16
1 38 4 8 32 16
1 6 5 8 32 16
1 6 6 8 32 16
1 6 12 8 32 16
1 6 20 8 32 16
1 6 36 8 32 16
1 6 4 9 32 16
1 6 4 10 32 16
1 6 4 12 32 16
1 6 4 24 32 16
1 6 4 40 32 16
1 6 4 8 33 16
1 6 4 8 34 16
1 6 4 8 36 16
1 6 4 8 40 16
1 6 4 8 48 16
1 6 4 8 32 17
1 6 4 8 32 18
1 6 4 8 32 20
1 6 4 8 32 24
1 6 4 8 32 48
1 26 4 8 32 16
1 42 4 8 32 16
1 10 5 8 32 16
1 10 6 8 32 16
1 10 12 8 32 16
1 10 20 8 32 16
1 10 36 8 32 16
1 10 4 9 32 16
1 10 4 10 32 16
1 10 4 12 32 16
1 10 4 24 32 16
1 10 4 40 32 16
1 10 4 8 33 16
1 10 4 8 34 16
1 10 4 8 36 16
1 10 4 8 40 16
1 10 4 8 48 16
1 10 4 8 32 17
1 10 4 8 32 18
1 10 4 8 32 20
1 10 4 8 32 24
1 10 4 8 32 48
1 50 4 8 32 16
1 18 5 8 32 16
1 18 6 8 32 16
1 18 12 8 32 16
1 18 20 8 32 16
1 18 36 8 32 16
1 18 4 9 32 16
1 18 4 10 32 16
1 18 4 12 32 16
1 18 4 24 32 16
1 18 4 40 32 16
1 18 4 8 33 16
1 18 4 8 34 16
1 18 4 8 36 16
1 18 4 8 40 16
1 18 4 8 48 16
1 18 4 8 32 17
1 18 4 8 32 18
1 18 4 8 32 20
1 18 4 8 32 24
1 18 4 8 32 48
1 34 5 8 32 16
1 34 6 8 32 16
1 34 12 8 32 16
1 34 20 8 32 16
1 34 36 8 32 16
1 34 4 9 32 16
1 34 4 10 32 16
1 34 4 12 32 16
1 34 4 24 32 16
1 34 4 40 32 16
1 34 4 8 33 16
1 34 4 8 34 16
1 34 4 8 36 16
1 34 4 8 40 16
1 34 4 8 48 16
1 34 4 8 32 17
1 34 4 8 32 18
1 34 4 8 32 20
1 34 4 8 32 24
1 34 4 8 32 48
1 2 7 8 32 16
1 2 13 8 32 16
1 2 21 8 32 16
1 2 37 8 32 16
1 2 5 9 32 16
1 2 5 10 32 16
1 2 5 12 32 16
1 2 5 24 32 16
1 2 5 40 32 16
1 2 5 8 33 16
1 2 5 8 34 16
1 2 5 8 36 16
1 2 5 8 40 16
1 2 5 8 48 16
1 2 5 8 32 17
1 2 5 8 32 18
1 2 5 8 32 20
1 2 5 8 32 24
1 2 5 8 32 48
1 2 14 8 32 16
1 2 22 8 32 16
1 2 38 8 32 16
1 2 6 9 32 16
1 2 6 10 32 16
1 2 6 12 32 16
1 2 6 24 32 16
1 2 6 40 32 16
1 2 6 8 33 16
1 2 6 8 34 16
1 2 6 8 36 16
1 2 6 8 40 16
1 2 6 8 48 16
1 2 6 8 32 17
1 2 6 8 32 18
1 2 6 8 32 20
1 2 6 8 32 24
1 2 6 8 32 48
1 2 28 8 32 16
1 2 44 8 32 16
1 2 12 9 32 16
1 2 12 10 32 16
1 2 12 12 32 16
1 2 12 24 32 16
1 2 12 40 32 16
1 2 12 8 33 16
1 2 12 8 34 16
1 2 12 8 36 16
1 2 12 8 40 16
1 2 12 8 48 16
1 2 12 8 32 17
1 2 12 8 32 18
1 2 12 8 32 20
1 2 12 8 32 24
1 2 12 8 32 48
1 2 52 8 32 16
1 2 20 9 32 16
1 2 20 10 32 16
1 2 20 12 32 16
1 2 20 24 32 16
1 2 20 40 32 16
1 2 20 8 33 16
1 2 20 8 34 16
1 2 20 8 36 16
1 2 20 8 40 16
1 2 20 8 48 16
1 2 20 8 32 17
1 2 20 8 32 18
1 2 20 8 32 20
1 2 20 8 32 24
1 2 20 8 32 48
1 2 36 9 32 16
1 2 36 10 32 16
1 2 36 12 32 16
1 2 36 24 32 16
1 2 36 40 32 16
1 2 36 8 33 16
1 2 36 8 34 16
1 2 36 8 36 16
1 2 36 8 40 16
1 2 36 8 48 16
1 2 36 8 32 17
1 2 36 8 32 18
1 2 36 8 32 20
1 2 36 8 32 24
1 2 36 8 32 48
1 2 4 11 32 16
1 2 4 13 32 16
1 2 4 25 32 16
1 2 4 41 32 16
1 2 4 9 33 16
1 2 4 9 34 16
1 2 4 9 36 16
1 2 4 9 40 16
1 2 4 9 48 16
1 2 4 9 32 17
1 2 4 9 32 18
1 2 4 9 32 20
1 2 4 9 32 24
1 2 4 9 32 48
1 2 4 14 32 16
1 2 4 26 32 16
1 2 4 42 32 16
1 2 4 10 33 16
1 2 4 10 34 16
1 2 4 10 36 16
1 2 4 10 40 16
1 2 4 10 48 16
1 2 4 10 32 17
1 2 4 10 32 18
1 2 4 10 32 20
1 2 4 10 32 24
1 2 4 10 32 48
1 2 4 28 32 16
1 2 4 44 32 16
1 2 4 12 33 16
1 2 4 12 34 16
1 2 4 12 36 16
1 2 4 12 40 16
1 2 4 12 48 16
1 2 4 12 32 17
1 2 4 12 32 18
1 2 4 12 32 20
1 2 4 12 32 24
1 2 4 12 32 48
1 2 4 56 32 16
1 2 4 24 33 16
1 2 4 24 34 16
1 2 4 24 36 16
1 2 4 24 40 16
1 2 4 24 48 16
1 2 4 24 32 17
1 2 4 24 32 18
1 2 4 24 32 20
1 2 4 24 32 24
1 2 4 24 32 48
1 2 4 40 33 16
1 2 4 40 34 16
1 2 4 40 36 16
1 2 4 40 40 16
1 2 4 40 48 16
1 2 4 40 32 17
1 2 4 40 32 18
1 2 4 40 32 20
1 2 4 40 32 24
1 2 4 40 32 48
1 2 4 8 35 16
1 2 4 8 37 16
1 2 4 8 41 16
1 2 4 8 49 16
1 2 4 8 33 17
1 2 4 8 33 18
1 2 4 8 33 20
1 2 4 8 33 24
1 2 4 8 33 48
1 2 4 8 38 16
1 2 4 8 42 16
1 2 4 8 50 16
1 2 4 8 34 17
1 2 4 8 34 18
1 2 4 8 34 20
1 2 4 8 34 24
1 2 4 8 34 48
1 2 4 8 44 16
1 2 4 8 52 16
1 2 4 8 36 17
1 2 4 8 36 18
1 2 4 8 36 20
1 2 4 8 36 24
1 2 4 8 36 48
1 2 4 8 56 16
1 2 4 8 40 17
1 2 4 8 40 18
1 2 4 8 40 20
1 2 4 8 40 24
1 2 4 8 40 48
1 2 4 8 48 17
1 2 4 8 48 18
1 2 4 8 48 20
1 2 4 8 48 24
1 2 4 8 48 48
1 2 4 8 32 19
1 2 4 8 32 21
1 2 4 8 32 25
1 2 4 8 32 49
1 2 4 8 32 22
1 2 4 8 32 26
1 2 4 8 32 50
1 2 4 8 32 28
1 2 4 8 32 52
1 2 4 8 32 56
7 2 4 16 8 32
11 2 4 16 8 32
19 2 4 16 8 32
35 2 4 16 8 32
3 3 4 16 8 32
3 6 4 16 8 32
3 10 4 16 8 32
3 18 4 16 8 32
3 34 4 16 8 32
3 2 5 16 8 32
3 2 6 16 8 32
3 2 12 16 8 32
3 2 20 16 8 32
3 2 36 16 8 32
3 2 4 17 8 32
3 2 4 18 8 32
3 2 4 20 8 32
3 2 4 24 8 32
3 2 4 48 8 32
3 2 4 16 9 32
3 2 4 16 10 32
3 2 4 16 12 32
3 2 4 16 24 32
3 2 4 16 40 32
3 2 4 16 8 33
3 2 4 16 8 34
3 2 4 16 8 36
3 2 4 16 8 40
3 2 4 16 8 48
13 2 4 16 8 32
21 2 4 16 8 32
37 2 4 16 8 32
5 3 4 16 8 32
5 6 4 16 8 32
5 10 4 16 8 32
5 18 4 16 8 32
5 34 4 16 8 32
5 2 5 16 8 32
5 2 6 16 8 32
5 2 12 16 8 32
5 2 20 16 8 32
5 2 36 16 8 32
5 2 4 17 8 32
5 2 4 18 8 32
5 2 4 20 8 32
5 2 4 24 8 32
5 2 4 48 8 32
5 2 4 16 9 32
5 2 4 16 10 32
5 2 4 16 12 32
5 2 4 16 24 32
5 2 4 16 40 32
5 2 4 16 8 33
5 2 4 16 8 34
5 2 4 16 8 36
5 2 4 16 8 40
5 2 4 16 8 48
25 2 4 16 8 32
41 2 4 16 8 32
9 3 4 16 8 32
9 6 4 16 8 32
9 10 4 16 8 32
9 18 4 16 8 32
9 34 4 16 8 32
9 2 5 16 8 32
9 2 6 16 8 32
9 2 12 16 8 32
9 2 20 16 8 32
9 2 36 16 8 32
9 2 4 17 8 32
9 2 4 18 8 32
9 2 4 20 8 32
9 2 4 24 8 32
9 2 4 48 8 32
9 2 4 16 9 32
9 2 4 16 10 32
9 2 4 16 12 32
9 2 4 16 24 32
9 2 4 16 40 32
9 2 4 16 8 33
9 2 4 16 8 34
9 2 4 16 8 36
9 2 4 16 8 40
9 2 4 16 8 48
49 2 4 16 8 32
17 3 4 16 8 32
17 6 4 16 8 32
17 10 4 16 8 32
17 18 4 16 8 32
17 34 4 16 8 32
17 2 5 16 8 32
17 2 6 16 8 32
17 2 12 16 8 32
17 2 20 16 8 32
17 2 36 16 8 32
17 2 4 17 8 32
17 2 4 18 8 32
17 2 4 20 8 32
17 2 4 24 8 32
17 2 4 48 8 32
17 2 4 16 9 32
17 2 4 16 10 32
17 2 4 16 12 32
17 2 4 16 24 32
17 2 4 16 40 32
17 2 4 16 8 33
17 2 4 16 8 34
17 2 4 16 8 36
17 2 4 16 8 40
17 2 4 16 8 48
33 3 4 16 8 32
33 6 4 16 8 32
33 10 4 16 8 32
33 18 4 16 8 32
33 34 4 16 8 32
33 2 5 16 8 32
33 2 6 16 8 32
33 2 12 16 8 32
33 2 20 16 8 32
33 2 36 16 8 32
33 2 4 17 8 32
33 2 4 18 8 32
33 2 4 20 8 32
33 2 4 24 8 32
33 2 4 48 8 32
33 2 4 16 9 32
33 2 4 16 10 32
33 2 4 16 12 32
33 2 4 16 24 32
33 2 4 16 40 32
33 2 4 16 8 33
33 2 4 16 8 34
33 2 4 16 8 36
33 2 4 16 8 40
33 2 4 16 8 48
1 7 4 16 8 32
1 11 4 16 8 32
1 19 4 16 8 32
1 35 4 16 8 32
1 3 5 16 8 32
1 3 6 16 8 32
1 3 12 16 8 32
1 3 20 16 8 32
1 3 36 16 8 32
1 3 4 17 8 32
1 3 4 18 8 32
1 3 4 20 8 32
1 3 4 24 8 32
1 3 4 48 8 32
1 3 4 16 9 32
1 3 4 16 10 32
1 3 4 16 12 32
1 3 4 16 24 32
1 3 4 16 40 32
1 3 4 16 8 33
1 3 4 16 8 34
1 3 4 16 8 36
1 3 4 16 8 40
1 3 4 16 8 48
1 14 4 16 8 32
1 22 4 16 8 32
1 38 4 16 8 32
1 6 5 16 8 32
1 6 6 16 8 32
1 6 12 16 8 32
1 6 20 16 8 32
1 6 36 16 8 32
1 6 4 17 8 32
1 6 4 18 8 32
1 6 4 20 8 32
1 6 4 24 8 32
1 6 4 48 8 32
1 6 4 16 9 32
1 6 4 16 10 32
1 6 4 16 12 32
1 6 4 16 24 32
1 6 4 16 40 32
1 6 4 16 8 33
1 6 4 16 8 34
1 6 4 16 8 36
1 6 4 16 8 40
1 6 4 16 8 48
1 26 4 16 8 32
1 42 4 16 8 32
1 10 5 16 8 32
1 10 6 16 8 32
1 10 12 16 8 32
1 10 20 16 8 32
1 10 36 16 8 32
1 10 4 17 8 32
1 10 4 18 8 32
1 10 4 20 8 32
1 10 4 24 8 32
1 10 4 48 8 32
1 10 4 16 9 32
1 10 4 16 10 32
1 10 4 16 12 32
1 10 4 16 24 32
1 10 4 16 40 32
1 10 4 16 8 33
1 10 4 16 8 34
1 10 4 16 8 36
1 10 4 16 8 40
1 10 4 16 8 48
1 50 4 16 8 32
1 18 5 16 8 32
1 18 6 16 8 32
1 18 12 16 8 32
1 18 20 16 8 32
1 18 36 16 8 32
1 18 4 17 8 32
1 18 4 18 8 32
1 18 4 20 8 32
1 18 4 24 8 32
1 18 4 48 8 32
1 18 4 16 9 32
1 18 4 16 10 32
1 18 4 16 12 32
1 18 4 16 24 32
1 18 4 16 40 32
1 18 4 16 8 33
1 18 4 16 8 34
1 18 4 16 8 36
1 18 4 16 8 40
1 18 4 16 8 48
1 34 5 16 8 32
1 34 6 16 8 32
1 34 12 16 8 32
1 34 20 16 8 32
1 34 36 16 8 32
1 34 4 17 8 32
1 34 4 18 8 32
1 34 4 20 8 32
1 34 4 24 8 32
1 34 4 48 8 32
1 34 4 16 9 32
1 34 4 16 10 32
1 34 4 16 12 32
1 34 4 16 24 32
1 34 4 16 40 32
1 34 4 16 8 33
1 34 4 16 8 34
1 34 4 16 8 36
1 34 4 16 8 40
1 34 4 16 8 48
1 2 7 16 8 32
1 2 13 16 8 32
1 2 21 16 8 32
1 2 37 16 8 32
1 2 5 17 8 32
1 2 5 18 8 32
1 2 5 20 8 32
1 2 5 24 8 32
1 2 5 48 8 32
1 2 5 16 9 32
1 2 5 16 10 32
1 2 5 16 12 32
1 2 5 16 24 32
1 2 5 16 40 32
1 2 5 16 8 33
1 2 5 16 8 34
1 2 5 16 8 36
1 2 5 16 8 40
1 2 5 16 8 48
1 2 14 16 8 32
1 2 22 16 8 32
1 2 38 16 8 32
1 2 6 17 8 32
1 2 6 18 8 32
1 2 6 20 8 32
1 2 6 24 8 32
1 2 6 48 8 32
1 2 6 16 9 32
1 2 6 16 10 32
1 2 6 16 12 32
1 2 6 16 24 32
1 2 6 16 40 32
1 2 6 16 8 33
1 2 6 16 8 34
1 2 6 16 8 36
1 2 6 16 8 40
1 2 6 16 8 48
1 2 28 16 8 32
1 2 44 16 8 32
1 2 12 17 8 32
1 2 12 18 8 32
1 2 12 20 8 32
1 2 12 24 8 32
1 2 12 48 8 32
1 2 12 16 9 32
1 2 12 16 10 32
1 2 12 16 12 32
1 2 12 16 24 32
1 2 12 16 40 32
1 2 12 16 8 33
1 2 12 16 8 34
1 2 12 16 8 36
1 2 12 16 8 40
1 2 12 16 8 48
1 2 52 16 8 32
1 2 20 17 8 32
1 2 20 18 8 32
1 2 20 20 8 32
1 2 20 24 8 32
1 2 20 48 8 32
1 2 20 16 9 32
1 2 20 16 10 32
1 2 20 16 12 32
1 2 20 16 24 32
1 2 20 16 40 32
1 2 20 16 8 33
1 2 20 16 8 34
1 2 20 16 8 36
1 2 20 16 8 40
1 2 20 16 8 48
1 2 36 17 8 32
1 2 36 18 8 32
1 2 36 20 8 32
1 2 36 24 8 32
1 2 36 48 8 32
1 2 36 16 9 32
1 2 36 16 10 32
1 2 36 16 12 32
1 2 36 16 24 32
1 2 36 16 40 32
1 2 36 16 8 33
1 2 36 16 8 34
1 2 36 16 8 36
1 2 36 16 8 40
1 2 36 16 8 48
1 2 4 19 8 32
1 2 4 21 8 32
1 2 4 25 8 32
1 2 4 49 8 32
1 2 4 17 9 32
1 2 4 17 10 32
1 2 4 17 12 32
1 2 4 17 24 32
1 2 4 17 40 32
1 2 4 17 8 33
1 2 4 17 8 34
1 2 4 17 8 36
1 2 4 17 8 40
1 2 4 17 8 48
1 2 4 22 8 32
1 2 4 26 8 32
1 2 4 50 8 32
1 2 4 18 9 32
1 2 4 18 10 32
1 2 4 18 12 32
1 2 4 18 24 32
1 2 4 18 40 32
1 2 4 18 8 33
1 2 4 18 8 34
1 2 4 18 8 36
1 2 4 18 8 40
1 2 4 18 8 48
1 2 4 28 8 32
1 2 4 52 8 32
1 2 4 20 9 32
1 2 4 20 10 32
1 2 4 20 12 32
1 2 4 20 24 32
1 2 4 20 40 32
1 2 4 20 8 33
1 2 4 20 8 34
1 2 4 20 8 36
1 2 4 20 8 40
1 2 4 20 8 48
1 2 4 56 8 32
1 2 4 24 9 32
1 2 4 24 10 32
1 2 4 24 12 32
1 2 4 24 24 32
1 2 4 24 40 32
1 2 4 24 8 33
1 2 4 24 8 34
1 2 4 24 8 36
1 2 4 24 8 40
1 2 4 24 8 48
1 2 4 48 9 32
1 2 4 48 10 32
1 2 4 48 12 32
1 2 4 48 24 32
1 2 4 48 40 32
1 2 4 48 8 33
1 2 4 48 8 34
1 2 4 48 8 36
1 2 4 48 8 40
1 2 4 48 8 48
1 2 4 16 11 32
1 2 4 16 13 32
1 2 4 16 25 32
1 2 4 16 41 32
1 2 4 16 9 33
1 2 4 16 9 34
1 2 4 16 9 36
1 2 4 16 9 40
1 2 4 16 9 48
1 2 4 16 14 32
1 2 4 16 26 32
1 2 4 16 42 32
1 2 4 16 10 33
1 2 4 16 10 34
1 2 4 16 10 36
1 2 4 16 10 40
1 2 4 16 10 48
1 2 4 16 28 32
1 2 4 16 44 32
1 2 4 16 12 33
1 2 4 16 12 34
1 2 4 16 12 36
1 2 4 16 12 40
1 2 4 16 12 48
1 2 4 16 56 32
1 2 4 16 24 33
1 2 4 16 24 34
1 2 4 16 24 36
1 2 4 16 24 40
1 2 4 16 24 48
1 2 4 16 40 33
1 2 4 16 40 34
1 2 4 16 40 36
1 2 4 16 40 40
1 2 4 16 40 48
1 2 4 16 8 35
1 2 4 16 8 37
1 2 4 16 8 41
1 2 4 16 8 49
1 2 4 16 8 38
1 2 4 16 8 42
1 2 4 16 8 50
1 2 4 16 8 44
1 2 4 16 8 52
1 2 4 16 8 56
7 2 4 16 32 8
11 2 4 16 32 8
19 2 4 16 32 8
35 2 4 16 32 8
3 3 4 16 32 8
3 6 4 16 32 8
3 10 4 16 32 8
3 18 4 16 32 8
3 34 4 16 32 8
3 2 5 16 32 8
3 2 6 16 32 8
3 2 12 16 32 8
3 2 20 16 32 8
3 2 36 16 32 8
3 2 4 17 32 8
3 2 4 18 32 8
3 2 4 20 32 8
3 2 4 24 32 8
3 2 4 48 32 8
3 2 4 16 33 8
3 2 4 16 34 8
3 2 4 16 36 8
3 2 4 16 40 8
3 2 4 16 48 8
3 2 4 16 32 9
3 2 4 16 32 10
3 2 4 16 32 12
3 2 4 16 32 24
3 2 4 16 32 40
13 2 4 16 32 8
21 2 4 16 32 8
37 2 4 16 32 8
5 3 4 16 32 8
5 6 4 16 32 8
5 10 4 16 32 8
5 18 4 16 32 8
5 34 4 16 32 8
5 2 5 16 32 8
5 2 6 16 32 8
5 2 12 16 32 8
5 2 20 16 32 8
5 2 36 16 32 8
5 2 4 17 32 8
5 2 4 18 32 8
5 2 4 20 32 8
5 2 4 24 32 8
5 2 4 48 32 8
5 2 4 16 33 8
5 2 4 16 34 8
5 2 4 16 36 8
5 2 4 16 40 8
5 2 4 16 48 8
5 2 4 16 32 9
5 2 4 16 32 10
5 2 4 16 32 12
5 2 4 16 32 24
5 2 4 16 32 40
25 2 4 16 32 8
41 2 4 16 32 8
9 3 4 16 32 8
9 6 4 16 32 8
9 10 4 16 32 8
9 18 4 16 32 8
9 34 4 16 32 8
9 2 5 16 32 8
9 2 6 16 32 8
9 2 12 16 32 8
9 2 20 16 32 8
9 2 36 16 32 8
9 2 4 17 32 8
9 2 4 18 32 8
9 2 4 20 32 8
9 2 4 24 32 8
9 2 4 48 32 8
9 2 4 16 33 8
9 2 4 16 34 8
9 2 4 16 36 8
9 2 4 16 40 8
9 2 4 16 48 8
9 2 4 16 32 9
9 2 4 16 32 10
9 2 4 16 32 12
9 2 4 16 32 24
9 2 4 16 32 40
49 2 4 16 32 8
17 3 4 16 32 8
17 6 4 16 32 8
17 10 4 16 32 8
17 18 4 16 32 8
17 34 4 16 32 8
17 2 5 16 32 8
17 2 6 16 32 8
17 2 12 16 32 8
17 2 20 16 32 8
17 2 36 16 32 8
17 2 4 17 32 8
17 2 4 18 32 8
17 2 4 20 32 8
17 2 4 24 32 8
17 2 4 48 32 8
17 2 4 16 33 8
17 2 4 16 34 8
17 2 4 16 36 8
17 2 4 16 40 8
17 2 4 16 48 8
17 2 4 16 32 9
17 2 4 16 32 10
17 2 4 16 32 12
17 2 4 16 32 24
17 2 4 16 32 40
33 3 4 16 32 8
33 6 4 16 32 8
33 10 4 16 32 8
33 18 4 16 32 8
33 34 4 16 32 8
33 2 5 16 32 8
33 2 6 16 32 8
33 2 12 16 32 8
33 2 20 16 32 8
33 2 36 16 32 8
33 2 4 17 32 8
33 2 4 18 32 8
33 2 4 20 32 8
33 2 4 24 32 8
33 2 4 48 32 8
33 2 4 16 33 8
33 2 4 16 34 8
33 2 4 16 36 8
33 2 4 16 40 8
33 2 4 16 48 8
33 2 4 16 32 9
33 2 4 16 32 10
33 2 4 16 32 12
33 2 4 16 32 24
33 2 4 16 32 40
1 7 4 16 32 8
1 11 4 16 32 8
1 19 4 16 32 8
1 35 4 16 32 8
1 3 5 16 32 8
1 3 6 16 32 8
1 3 12 16 32 8
1 3 20 16 32 8
1 3 36 16 32 8
1 3 4 17 32 8
1 3 4 18 32 8
1 3 4 20 32 8
1 3 4 24 32 8
1 3 4 48 32 8
1 3 4 16 33 8
1 3 4 16 34 8
1 3 4 16 36 8
1 3 4 16 40 8
1 3 4 16 48 8
1 3 4 16 32 9
1 3 4 16 32 10
1 3 4 16 32 12
1 3 4 16 32 24
1 3 4 16 32 40
1 14 4 16 32 8
1 22 4 16 32 8
1 38 4 16 32 8
1 6 5 16 32 8
1 6 6 16 32 8
1 6 12 16 32 8
1 6 20 16 32 8
1 6 36 16 32 8
1 6 4 17 32 8
1 6 4 18 32 8
1 6 4 20 32 8
1 6 4 24 32 8
1 6 4 48 32 8
1 6 4 16 33 8
1 6 4 16 34 8
1 6 4 16 36 8
1 6 4 16 40 8
1 6 4 16 48 8
1 6 4 16 32 9
1 6 4 16 32 10
1 6 4 16 32 12
1 6 4 16 32 24
1 6 4 16 32 40
1 26 4 16 32 8
1 42 4 16 32 8
1 10 5 16 32 8
1 10 6 16 32 8
1 10 12 16 32 8
1 10 20 16 32 8
1 10 36 16 32 8
1 10 4 17 32 8
1 10 4 18 32 8
1 10 4 20 32 8
1 10 4 24 32 8
1 10 4 48 32 8
1 10 4 16 33 8
1 10 4 16 34 8
1 10 4 16 36 8
1 10 4 16 40 8
1 10 4 16 48 8
1 10 4 16 32 9
1 10 4 16 32 10
1 10 4 16 32 12
1 10 4 16 32 24
1 10 4 16 32 40
1 50 4 16 32 8
1 18 5 16 32 8
1 18 6 16 32 8
1 18 12 16 32 8
1 18 20 16 32 8
1 18 36 16 32 8
1 18 4 17 32 8
1 18 4 18 32 8
1 18 4 20 32 8
1 18 4 24 32 8
1 18 4 48 32 8
1 18 4 16 33 8
1 18 4 16 34 8
1 18 4 16 36 8
1 18 4 16 40 8
1 18 4 16 48 8
1 18 4 16 32 9
1 18 4 16 32 10
1 18 4 16 32 12
1 18 4 16 32 24
1 18 4 16 32 40
1 34 5 16 32 8
1 34 6 16 32 8
1 34 12 16 32 8
1 34 20 16 32 8
1 34 36 16 32 8
1 34 4 17 32 8
1 34 4 18 32 8
1 34 4 20 32 8
1 34 4 24 32 8
1 34 4 48 32 8
1 34 4 16 33 8
1 34 4 16 34 8
1 34 4 16 36 8
1 34 4 16 40 8
1 34 4 16 48 8
1 34 4 16 32 9
1 34 4 16 32 10
1 34 4 16 32 12
1 34 4 16 32 24
1 34 4 16 32 40
1 2 7 16 32 8
1 2 13 16 32 8
1 2 21 16 32 8
1 2 37 16 32 8
1 2 5 17 32 8
1 2 5 18 32 8
1 2 5 20 32 8
1 2 5 24 32 8
1 2 5 48 32 8
1 2 5 16 33 8
1 2 5 16 34 8
1 2 5 16 36 8
1 2 5 16 40 8
1 2 5 16 48 8
1 2 5 16 32 9
1 2 5 16 32 10
1 2 5 16 32 12
1 2 5 16 32 24
1 2 5 16 32 40
1 2 14 16 32 8
1 2 22 16 32 8
1 2 38 16 32 8
1 2 6 17 32 8
1 2 6 18 32 8
1 2 6 20 32 8
1 2 6 24 32 8
1 2 6 48 32 8
1 2 6 16 33 8
1 2 6 16 34 8
1 2 6 16 36 8
1 2 6 16 40 8
1 2 6 16 48 8
1 2 6 16 32 9
1 2 6 16 32 10
1 2 6 16 32 12
1 2 6 16 32 24
1 2 6 16 32 40
1 2 28 16 32 8
1 2 44 16 32 8
1 2 12 17 32 8
1 2 12 18 32 8
1 2 12 20 32 8
1 2 12 24 32 8
1 2 12 48 32 8
1 2 12 16 33 8
1 2 12 16 34 8
1 2 12 16 36 8
1 2 12 16 40 8
1 2 12 16 48 8
1 2 12 16 32 9
1 2 12 16 32 10
1 2 12 16 32 12
1 2 12 16 32 24
1 2 12 16 32 40
1 2 52 16 32 8
1 2 20 17 32 8
1 2 20 18 32 8
1 2 20 20 32 8
1 2 20 24 32 8
1 2 20 48 32 8
1 2 20 16 33 8
1 2 20 16 34 8
1 2 20 16 36 8
1 2 20 16 40 8
1 2 20 16 48 8
1 2 20 16 32 9
1 2 20 16 32 10
1 2 20 16 32 12
1 2 20 16 32 24
1 2 20 16 32 40
1 2 36 17 32 8
1 2 36 18 32 8
1 2 36 20 32 8
1 2 36 24 32 8
1 2 36 48 32 8
1 2 36 16 33 8
1 2 36 16 34 8
1 2 36 16 36 8
1 2 36 16 40 8
1 2 36 16 48 8
1 2 36 16 32 9
1 2 36 16 32 10
1 2 36 16 32 12
1 2 36 16 32 24
1 2 36 16 32 40
1 2 4 19 32 8
1 2 4 21 32 8
1 2 4 25 32 8
1 2 4 49 32 8
1 2 4 17 33 8
1 2 4 17 34 8
1 2 4 17 36 8
1 2 4 17 40 8
1 2 4 17 48 8
1 2 4 17 32 9
1 2 4 17 32 10
1 2 4 17 32 12
1 2 4 17 32 24
1 2 4 17 32 40
1 2 4 22 32 8
1 2 4 26 32 8
1 2 4 50 32 8
1 2 4 18 33 8
1 2 4 18 34 8
1 2 4 18 36 8
1 2 4 18 40 8
1 2 4 18 48 8
1 2 4 18 32 9
1 2 4 18 32 10
1 2 4 18 32 12
1 2 4 18 32 24
1 2 4 18 32 40
1 2 4 28 32 8
1 2 4 52 32 8
1 2 4 20 33 8
1 2 4 20 34 8
1 2 4 20 36 8
1 2 4 20 40 8
1 2 4 20 48 8
1 2 4 20 32 9
1 2 4 20 32 10
1 2 4 20 32 12
1 2 4 20 32 24
1 2 4 20 32 40
1 2 4 56 32 8
1 2 4 24 33 8
1 2 4 24 34 8
1 2 4 24 36 8
1 2 4 24 40 8
1 2 4 24 48 8
1 2 4 24 32 9
1 2 4 24 32 10
1 2 4 24 32 12
1 2 4 24 32 24
1 2 4 24 32 40
1 2 4 48 33 8
1 2 4 48 34 8
1 2 4 48 36 8
1 2 4 48 40 8
1 2 4 48 48 8
1 2 4 48 32 9
1 2 4 48 32 10
1 2 4 48 32 12
1 2 4 48 32 24
1 2 4 48 32 40
1 2 4 16 35 8
1 2 4 16 37 8
1 2 4 16 41 8
1 2 4 16 49 8
1 2 4 16 33 9
1 2 4 16 33 10
1 2 4 16 33 12
1 2 4 16 33 24
1 2 4 16 33 40
1 2 4 16 38 8
1 2 4 16 42 8
1 2 4 16 50 8
1 2 4 16 34 9
1 2 4 16 34 10
1 2 4 16 34 12
1 2 4 16 34 24
1 2 4 16 34 40
1 2 4 16 44 8
1 2 4 16 52 8
1 2 4 16 36 9
1 2 4 16 36 10
1 2 4 16 36 12
1 2 4 16 36 24
1 2 4 16 36 40
1 2 4 16 56 8
1 2 4 16 40 9
1 2 4 16 40 10
1 2 4 16 40 12
1 2 4 16 40 24
1 2 4 16 40 40
1 2 4 16 48 9
1 2 4 16 48 10
1 2 4 16 48 12
1 2 4 16 48 24
1 2 4 16 48 40
1 2 4 16 32 11
1 2 4 16 32 13
1 2 4 16 32 25
1 2 4 16 32 41
1 2 4 16 32 14
1 2 4 16 32 26
1 2 4 16 32 42
1 2 4 16 32 28
1 2 4 16 32 44
1 2 4 16 32 56
7 2 4 32 16 8
11 2 4 32 16 8
19 2 4 32 16 8
35 2 4 32 16 8
3 3 4 32 16 8
3 6 4 32 16 8
3 10 4 32 16 8
3 18 4 32 16 8
3 34 4 32 16 8
3 2 5 32 16 8
3 2 6 32 16 8
3 2 12 32 16 8
3 2 20 32 16 8
3 2 36 32 16 8
3 2 4 33 16 8
3 2 4 34 16 8
3 2 4 36 16 8
3 2 4 40 16 8
3 2 4 48 16 8
3 2 4 32 17 8
3 2 4 32 18 8
3 2 4 32 20 8
3 2 4 32 24 8
3 2 4 32 48 8
3 2 4 32 16 9
3 2 4 32 16 10
3 2 4 32 16 12
3 2 4 32 16 24
3 2 4 32 16 40
13 2 4 32 16 8
21 2 4 32 16 8
37 2 4 32 16 8
5 3 4 32 16 8
5 6 4 32 16 8
5 10 4 32 16 8
5 18 4 32 16 8
5 34 4 32 16 8
5 2 5 32 16 8
5 2 6 32 16 8
5 2 12 32 16 8
5 2 20 32 16 8
5 2 36 32 16 8
5 2 4 33 16 8
5 2 4 34 16 8
5 2 4 36 16 8
5 2 4 40 16 8
5 2 4 48 16 8
5 2 4 32 17 8
5 2 4 32 18 8
5 2 4 32 20 8
5 2 4 32 24 8
5 2 4 32 48 8
5 2 4 32 16 9
5 2 4 32 16 10
5 2 4 32 16 12
5 2 4 32 16 24
5 2 4 32 16 40
25 2 4 32 16 8
41 2 4 32 16 8
9 3 4 32 16 8
9 6 4 32 16 8
9 10 4 32 16 8
9 18 4 32 16 8
9 34 4 32 16 8
9 2 5 32 16 8
9 2 6 32 16 8
9 2 12 32 16 8
9 2 20 32 16 8
9 2 36 32 16 8
9 2 4 33 16 8
9 2 4 34 16 8
9 2 4 36 16 8
9 2 4 40 16 8
9 2 4 48 16 8
9 2 4 32 17 8
9 2 4 32 18 8
9 2 4 32 20 8
9 2 4 32 24 8
9 2 4 32 48 8
9 2 4 32 16 9
9 2 4 32 16 10
9 2 4 32 16 12
9 2 4 32 16 24
9 2 4 32 16 40
49 2 4 32 16 8
17 3 4 32 16 8
17 6 4 32 16 8
17 10 4 32 16 8
17 18 4 32 16 8
17 34 4 32 16 8
17 2 5 32 16 8
17 2 6 32 16 8
17 2 12 32 16 8
17 2 20 32 16 8
17 2 36 32 16 8
17 2 4 33 16 8
17 2 4 34 16 8
17 2 4 36 16 8
17 2 4 40 16 8
17 2 4 48 16 8
17 2 4 32 17 8
17 2 4 32 18 8
17 2 4 32 20 8
17 2 4 32 24 8
17 2 4 32 48 8
17 2 4 32 16 9
17 2 4 32 16 10
17 2 4 32 16 12
17 2 4 32 16 24
17 2 4 32 16 40
33 3 4 32 16 8
33 6 4 32 16 8
33 10 4 32 16 8
33 18 4 32 16 8
33 34 4 32 16 8
33 2 5 32 16 8
33 2 6 32 16 8
33 2 12 32 16 8
33 2 20 32 16 8
33 2 36 32 16 8
33 2 4 33 16 8
33 2 4 34 16 8
33 2 4 36 16 8
33 2 4 40 16 8
33 2 4 48 16 8
33 2 4 32 17 8
33 2 4 32 18 8
33 2 4 32 20 8
33 2 4 32 24 8
33 2 4 32 48 8
33 2 4 32 16 9
33 2 4 32 16 10
33 2 4 32 16 12
33 2 4 32 16 24
33 2 4 32 16 40
1 7 4 32 16 8
1 11 4 32 16 8
1 19 4 32 16 8
1 35 4 32 16 8
1 3 5 32 16 8
1 3 6 32 16 8
1 3 12 32 16 8
1 3 20 32 16 8
1 3 36 32 16 8
1 3 4 33 16 8
1 3 4 34 16 8
1 3 4 36 16 8
1 3 4 40 16 8
1 3 4 48 16 8
1 3 4 32 17 8
1 3 4 32 18 8
1 3 4 32 20 8
1 3 4 32 24 8
1 3 4 32 48 8
1 3 4 32 16 9
1 3 4 32 16 10
1 3 4 32 16 12
1 3 4 32 16 24
1 3 4 32 16 40
1 14 4 32 16 8
1 22 4 32 16 8
1 38 4 32 16 8
1 6 5 32 16 8
1 6 6 32 16 8
1 6 12 32 16 8
1 6 20 32 16 8
1 6 36 32 16 8
1 6 4 33 16 8
1 6 4 34 16 8
1 6 4 36 16 8
1 6 4 40 16 8
1 6 4 48 16 8
1 6 4 32 17 8
1 6 4 32 18 8
1 6 4 32 20 8
1 6 4 32 24 8
1 6 4 32 48 8
1 6 4 32 16 9
1 6 4 32 16 10
1 6 4 32 16 12
1 6 4 32 16 24
1 6 4 32 16 40
1 26 4 32 16 8
1 42 4 32 16 8
1 10 5 32 16 8
1 10 6 32 16 8
1 10 12 32 16 8
1 10 20 32 16 8
1 10 36 32 16 8
1 10 4 33 16 8
1 10 4 34 16 8
1 10 4 36 16 8
1 10 4 40 16 8
1 10 4 48 16 8
1 10 4 32 17 8
1 10 4 32 18 8
1 10 4 32 20 8
1 10 4 32 24 8
1 10 4 32 48 8
1 10 4 32 16 9
1 10 4 32 16 10
1 10 4 32 16 12
1 10 4 32 16 24
1 10 4 32 16 40
1 50 4 32 16 8
1 18 5 32 16 8
1 18 6 32 16 8
1 18 12 32 16 8
1 18 20 32 16 8
1 18 36 32 16 8
1 18 4 33 16 8
1 18 4 34 16 8
1 18 4 36 16 8
1 18 4 40 16 8
1 18 4 48 16 8
1 18 4 32 17 8
1 18 4 32 18 8
1 18 4 32 20 8
1 18 4 32 24 8
1 18 4 32 48 8
1 18 4 32 16 9
1 18 4 32 16 10
1 18 4 32 16 12
1 18 4 32 16 24
1 18 4 32 16 40
1 34 5 32 16 8
1 34 6 32 16 8
1 34 12 32 16 8
1 34 20 32 16 8
1 34 36 32 16 8
1 34 4 33 16 8
1 34 4 34 16 8
1 34 4 36 16 8
1 34 4 40 16 8
1 34 4 48 16 8
1 34 4 32 17 8
1 34 4 32 18 8
1 34 4 32 20 8
1 34 4 32 24 8
1 34 4 32 48 8
1 34 4 32 16 9
1 34 4 32 16 10
1 34 4 32 16 12
1 34 4 32 16 24
1 34 4 32 16 40
1 2 7 32 16 8
1 2 13 32 16 8
1 2 21 32 16 8
1 2 37 32 16 8
1 2 5 33 16 8
1 2 5 34 16 8
1 2 5 36 16 8
1 2 5 40 16 8
1 2 5 48 16 8
1 2 5 32 17 8
1 2 5 32 18 8
1 2 5 32 20 8
1 2 5 32 24 8
1 2 5 32 48 8
1 2 5 32 16 9
1 2 5 32 16 10
1 2 5 32 16 12
1 2 5 32 16 24
1 2 5 32 16 40
1 2 14 32 16 8
1 2 22 32 16 8
1 2 38 32 16 8
1 2 6 33 16 8
1 2 6 34 16 8
1 2 6 36 16 8
1 2 6 40 16 8
1 2 6 48 16 8
1 2 6 32 17 8
1 2 6 32 18 8
1 2 6 32 20 8
1 2 6 32 24 8
1 2 6 32 48 8
1 2 6 32 16 9
1 2 6 32 16 10
1 2 6 32 16 12
1 2 6 32 16 24
1 2 6 32 16 40
1 2 28 32 16 8
1 2 44 32 16 8
1 2 12 33 16 8
1 2 12 34 16 8
1 2 12 36 16 8
1 2 12 40 16 8
1 2 12 48 16 8
1 2 12 32 17 8
1 2 12 32 18 8
1 2 12 32 20 8
1 2 12 32 24 8
1 2 12 32 48 8
1 2 12 32 16 9
1 2 12 32 16 10
1 2 12 32 16 12
1 2 12 32 16 24
1 2 12 32 16 40
1 2 52 32 16 8
1 2 20 33 16 8
1 2 20 34 16 8
1 2 20 36 16 8
1 2 20 40 16 8
1 2 20 48 16 8
1 2 20 32 17 8
1 2 20 32 18 8
1 2 20 32 20 8
1 2 20 32 24 8
1 2 20 32 48 8
1 2 20 32 16 9
1 2 20 32 16 10
1 2 20 32 16 12
1 2 20 32 16 24
1 2 20 32 16 40
1 2 36 33 16 8
1 2 36 34 16 8
1 2 36 36 16 8
1 2 36 40 16 8
1 2 36 48 16 8
1 2 36 32 17 8
1 2 36 32 18 8
1 2 36 32 20 8
1 2 36 32 24 8
1 2 36 32 48 8
1 2 36 32 16 9
1 2 36 32 16 10
1 2 36 32 16 12
1 2 36 32 16 24
1 2 36 32 16 40
1 2 4 35 16 8
1 2 4 37 16 8
1 2 4 41 16 8
1 2 4 49 16 8
1 2 4 33 17 8
1 2 4 33 18 8
1 2 4 33 20 8
1 2 4 33 24 8
1 2 4 33 48 8
1 2 4 33 16 9
1 2 4 33 16 10
1 2 4 33 16 12
1 2 4 33 16 24
1 2 4 33 16 40
1 2 4 38 16 8
1 2 4 42 16 8
1 2 4 50 16 8
1 2 4 34 17 8
1 2 4 34 18 8
1 2 4 34 20 8
1 2 4 34 24 8
1 2 4 34 48 8
1 2 4 34 16 9
1 2 4 34 16 10
1 2 4 34 16 12
1 2 4 34 16 24
1 2 4 34 16 40
1 2 4 44 16 8
1 2 4 52 16 8
1 2 4 36 17 8
1 2 4 36 18 8
1 2 4 36 20 8
1 2 4 36 24 8
1 2 4 36 48 8
1 2 4 36 16 9
1 2 4 36 16 10
1 2 4 36 16 12
1 2 4 36 16 24
1 2 4 36 16 40
1 2 4 56 16 8
1 2 4 40 17 8
1 2 4 40 18 8
1 2 4 40 20 8
1 2 4 40 24 8
1 2 4 40 48 8
1 2 4 40 16 9
1 2 4 40 16 10
1 2 4 40 16 12
1 2 4 40 16 24
1 2 4 40 16 40
1 2 4 48 17 8
1 2 4 48 18 8
1 2 4 48 20 8
1 2 4 48 24 8
1 2 4 48 48 8
1 2 4 48 16 9
1 2 4 48 16 10
1 2 4 48 16 12
1 2 4 48 16 24
1 2 4 48 16 40
1 2 4 32 19 8
1 2 4 32 21 8
1 2 4 32 25 8
1 2 4 32 49 8
1 2 4 32 17 9
1 2 4 32 17 10
1 2 4 32 17 12
1 2 4 32 17 24
1 2 4 32 17 40
1 2 4 32 22 8
1 2 4 32 26 8
1 2 4 32 50 8
1 2 4 32 18 9
1 2 4 32 18 10
1 2 4 32 18 12
1 2 4 32 18 24
1 2 4 32 18 40
1 2 4 32 28 8
1 2 4 32 52 8
1 2 4 32 20 9
1 2 4 32 20 10
1 2 4 32 20 12
1 2 4 32 20 24
1 2 4 32 20 40
1 2 4 32 56 8
1 2 4 32 24 9
1 2 4 32 24 10
1 2 4 32 24 12
1 2 4 32 24 24
1 2 4 32 24 40
1 2 4 32 48 9
1 2 4 32 48 10
1 2 4 32 48 12
1 2 4 32 48 24
1 2 4 32 48 40
1 2 4 32 16 11
1 2 4 32 16 13
1 2 4 32 16 25
1 2 4 32 16 41
1 2 4 32 16 14
1 2 4 32 16 26
1 2 4 32 16 42
1 2 4 32 16 28
1 2 4 32 16 44
1 2 4 32 16 56
7 2 4 32 8 16
11 2 4 32 8 16
19 2 4 32 8 16
35 2 4 32 8 16
3 3 4 32 8 16
3 6 4 32 8 16
3 10 4 32 8 16
3 18 4 32 8 16
3 34 4 32 8 16
3 2 5 32 8 16
3 2 6 32 8 16
3 2 12 32 8 16
3 2 20 32 8 16
3 2 36 32 8 16
3 2 4 33 8 16
3 2 4 34 8 16
3 2 4 36 8 16
3 2 4 40 8 16
3 2 4 48 8 16
3 2 4 32 9 16
3 2 4 32 10 16
3 2 4 32 12 16
3 2 4 32 24 16
3 2 4 32 40 16
3 2 4 32 8 17
3 2 4 32 8 18
3 2 4 32 8 20
3 2 4 32 8 24
3 2 4 32 8 48
13 2 4 32 8 16
21 2 4 32 8 16
37 2 4 32 8 16
5 3 4 32 8 16
5 6 4 32 8 16
5 10 4 32 8 16
5 18 4 32 8 16
5 34 4 32 8 16
5 2 5 32 8 16
5 2 6 32 8 16
5 2 12 32 8 16
5 2 20 32 8 16
5 2 36 32 8 16
5 2 4 33 8 16
5 2 4 34 8 16
5 2 4 36 8 16
5 2 4 40 8 16
5 2 4 48 8 16
5 2 4 32 9 16
5 2 4 32 10 16
5 2 4 32 12 16
5 2 4 32 24 16
5 2 4 32 40 16
5 2 4 32 8 17
5 2 4 32 8 18
5 2 4 32 8 20
5 2 4 32 8 24
5 2 4 32 8 48
25 2 4 32 8 16
41 2 4 32 8 16
9 3 4 32 8 16
9 6 4 32 8 16
9 10 4 32 8 16
9 18 4 32 8 16
9 34 4 32 8 16
9 2 5 32 8 16
9 2 6 32 8 16
9 2 12 32 8 16
9 2 20 32 8 16
9 2 36 32 8 16
9 2 4 33 8 16
9 2 4 34 8 16
9 2 4 36 8 16
9 2 4 40 8 16
9 2 4 48 8 16
9 2 4 32 9 16
9 2 4 32 10 16
9 2 4 32 12 16
9 2 4 32 24 16
9 2 4 32 40 16
9 2 4 32 8 17
9 2 4 32 8 18
9 2 4 32 8 20
9 2 4 32 8 24
9 2 4 32 8 48
49 2 4 32 8 16
17 3 4 32 8 16
17 6 4 32 8 16
17 10 4 32 8 16
17 18 4 32 8 16
17 34 4 32 8 16
17 2 5 32 8 16
17 2 6 32 8 16
17 2 12 32 8 16
17 2 20 32 8 16
17 2 36 32 8 16
17 2 4 33 8 16
17 2 4 34 8 16
17 2 4 36 8 16
17 2 4 40 8 16
17 2 4 48 8 16
17 2 4 32 9 16
17 2 4 32 10 16
17 2 4 32 12 16
17 2 4 32 24 16
17 2 4 32 40 16
17 2 4 32 8 17
17 2 4 32 8 18
17 2 4 32 8 20
17 2 4 32 8 24
17 2 4 32 8 48
33 3 4 32 8 16
33 6 4 32 8 16
33 10 4 32 8 16
33 18 4 32 8 16
33 34 4 32 8 16
33 2 5 32 8 16
33 2 6 32 8 16
33 2 12 32 8 16
33 2 20 32 8 16
33 2 36 32 8 16
33 2 4 33 8 16
33 2 4 34 8 16
33 2 4 36 8 16
33 2 4 40 8 16
33 2 4 48 8 16
33 2 4 32 9 16
33 2 4 32 10 16
33 2 4 32 12 16
33 2 4 32 24 16
33 2 4 32 40 16
33 2 4 32 8 17
33 2 4 32 8 18
33 2 4 32 8 20
33 2 4 32 8 24
33 2 4 32 8 48
1 7 4 32 8 16
1 11 4 32 8 16
1 19 4 32 8 16
1 35 4 32 8 16
1 3 5 32 8 16
1 3 6 32 8 16
1 3 12 32 8 16
1 3 20 32 8 16
1 3 36 32 8 16
1 3 4 33 8 16
1 3 4 34 8 16
1 3 4 36 8 16
1 3 4 40 8 16
1 3 4 48 8 16
1 3 4 32 9 16
1 3 4 32 10 16
1 3 4 32 12 16
1 3 4 32 24 16
1 3 4 32 40 16
1 3 4 32 8 17
1 3 4 32 8 18
1 3 4 32 8 20
1 3 4 32 8 24
1 3 4 32 8 48
1 14 4 32 8 16
1 22 4 32 8 16
1 38 4 32 8 16
1 6 5 32 8 16
1 6 6 32 8 16
1 6 12 32 8 16
1 6 20 32 8 16
1 6 36 32 8 16
1 6 4 33 8 16
1 6 4 34 8 16
1 6 4 36 8 16
1 6 4 40 8 16
1 6 4 48 8 16
1 6 4 32 9 16
1 6 4 32 10 16
1 6 4 32 12 16
1 6 4 32 24 16
1 6 4 32 40 16
1 6 4 32 8 17
1 6 4 32 8 18
1 6 4 32 8 20
1 6 4 32 8 24
1 6 4 32 8 48
1 26 4 32 8 16
1 42 4 32 8 16
1 10 5 32 8 16
1 10 6 32 8 16
1 10 12 32 8 16
1 10 20 32 8 16
1 10 36 32 8 16
1 10 4 33 8 16
1 10 4 34 8 16
1 10 4 36 8 16
1 10 4 40 8 16
1 10 4 48 8 16
1 10 4 32 9 16
1 10 4 32 10 16
1 10 4 32 12 16
1 10 4 32 24 16
1 10 4 32 40 16
1 10 4 32 8 17
1 10 4 32 8 18
1 10 4 32 8 20
1 10 4 32 8 24
1 10 4 32 8 48
1 50 4 32 8 16
1 18 5 32 8 16
1 18 6 32 8 16
1 18 12 32 8 16
1 18 20 32 8 16
1 18 36 32 8 16
1 18 4 33 8 16
1 18 4 34 8 16
1 18 4 36 8 16
1 18 4 40 8 16
1 18 4 48 8 16
1 18 4 32 9 16
1 18 4 32 10 16
1 18 4 32 12 16
1 18 4 32 24 16
1 18 4 32 40 16
1 18 4 32 8 17
1 18 4 32 8 18
1 18 4 32 8 20
1 18 4 32 8 24
1 18 4 32 8 48
1 34 5 32 8 16
1 34 6 32 8 16
1 34 12 32 8 16
1 34 20 32 8 16
1 34 36 32 8 16
1 34 4 33 8 16
1 34 4 34 8 16
1 34 4 36 8 16
1 34 4 40 8 16
1 34 4 48 8 16
1 34 4 32 9 16
1 34 4 32 10 16
1 34 4 32 12 16
1 34 4 32 24 16
1 34 4 32 40 16
1 34 4 32 8 17
1 34 4 32 8 18
1 34 4 32 8 20
1 34 4 32 8 24
1 34 4 32 8 48
1 2 7 32 8 16
1 2 13 32 8 16
1 2 21 32 8 16
1 2 37 32 8 16
1 2 5 33 8 16
1 2 5 34 8 16
1 2 5 36 8 16
1 2 5 40 8 16
1 2 5 48 8 16
1 2 5 32 9 16
1 2 5 32 10 16
1 2 5 32 12 16
1 2 5 32 24 16
1 2 5 32 40 16
1 2 5 32 8 17
1 2 5 32 8 18
1 2 5 32 8 20
1 2 5 32 8 24
1 2 5 32 8 48
1 2 14 32 8 16
1 2 22 32 8 16
1 2 38 32 8 16
1 2 6 33 8 16
1 2 6 34 8 16
1 2 6 36 8 16
1 2 6 40 8 16
1 2 6 48 8 16
1 2 6 32 9 16
1 2 6 32 10 16
1 2 6 32 12 16
1 2 6 32 24 16
1 2 6 32 40 16
1 2 6 32 8 17
1 2 6 32 8 18
1 2 6 32 8 20
1 2 6 32 8 24
1 2 6 32 8 48
1 2 28 32 8 16
1 2 44 32 8 16
1 2 12 33 8 16
1 2 12 34 8 16
1 2 12 36 8 16
1 2 12 40 8 16
1 2 12 48 8 16
1 2 12 32 9 16
1 2 12 32 10 16
1 2 12 32 12 16
1 2 12 32 24 16
1 2 12 32 40 16
1 2 12 32 8 17
1 2 12 32 8 18
1 2 12 32 8 20
1 2 12 32 8 24
1 2 12 32 8 48
1 2 52 32 8 16
1 2 20 33 8 16
1 2 20 34 8 16
1 2 20 36 8 16
1 2 20 40 8 16
1 2 20 48 8 16
1 2 20 32 9 16
1 2 20 32 10 16
1 2 20 32 12 16
1 2 20 32 24 16
1 2 20 32 40 16
1 2 20 32 8 17
1 2 20 32 8 18
1 2 20 32 8 20
1 2 20 32 8 24
1 2 20 32 8 48
1 2 36 33 8 16
1 2 36 34 8 16
1 2 36 36 8 16
1 2 36 40 8 16
1 2 36 48 8 16
1 2 36 32 9 16
1 2 36 32 10 16
1 2 36 32 12 16
1 2 36 32 24 16
1 2 36 32 40 16
1 2 36 32 8 17
1 2 36 32 8 18
1 2 36 32 8 20
1 2 36 32 8 24
1 2 36 32 8 48
1 2 4 35 8 16
1 2 4 37 8 16
1 2 4 41 8 16
1 2 4 49 8 16
1 2 4 33 9 16
1 2 4 33 10 16
1 2 4 33 12 16
1 2 4 33 24 16
1 2 4 33 40 16
1 2 4 33 8 17
1 2 4 33 8 18
1 2 4 33 8 20
1 2 4 33 8 24
1 2 4 33 8 48
1 2 4 38 8 16
1 2 4 42 8 16
1 2 4 50 8 16
1 2 4 34 9 16
1 2 4 34 10 16
1 2 4 34 12 16
1 2 4 34 24 16
1 2 4 34 40 16
1 2 4 34 8 17
1 2 4 34 8 18
1 2 4 34 8 20
1 2 4 34 8 24
1 2 4 34 8 48
1 2 4 44 8 16
1 2 4 52 8 16
1 2 4 36 9 16
1 2 4 36 10 16
1 2 4 36 12 16
1 2 4 36 24 16
1 2 4 36 40 16
1 2 4 36 8 17
1 2 4 36 8 18
1 2 4 36 8 20
1 2 4 36 8 24
1 2 4 36 8 48
1 2 4 56 8 16
1 2 4 40 9 16
1 2 4 40 10 16
1 2 4 40 12 16
1 2 4 40 24 16
1 2 4 40 40 16
1 2 4 40 8 17
1 2 4 40 8 18
1 2 4 40 8 20
1 2 4 40 8 24
1 2 4 40 8 48
1 2 4 48 9 16
1 2 4 48 10 16
1 2 4 48 12 16
1 2 4 48 24 16
1 2 4 48 40 16
1 2 4 48 8 17
1 2 4 48 8 18
1 2 4 48 8 20
1 2 4 48 8 24
1 2 4 48 8 48
1 2 4 32 11 16
1 2 4 32 13 16
1 2 4 32 25 16
1 2 4 32 41 16
1 2 4 32 9 17
1 2 4 32 9 18
1 2 4 32 9 20
1 2 4 32 9 24
1 2 4 32 9 48
1 2 4 32 14 16
1 2 4 32 26 16
1 2 4 32 42 16
1 2 4 32 10 17
1 2 4 32 10 18
1 2 4 32 10 20
1 2 4 32 10 24
1 2 4 32 10 48
1 2 4 32 28 16
1 2 4 32 44 16
1 2 4 32 12 17
1 2 4 32 12 18
1 2 4 32 12 20
1 2 4 32 12 24
1 2 4 32 12 48
1 2 4 32 56 16
1 2 4 32 24 17
1 2 4 32 24 18
1 2 4 32 24 20
1 2 4 32 24 24
1 2 4 32 24 48
1 2 4 32 40 17
1 2 4 32 40 18
1 2 4 32 40 20
1 2 4 32 40 24
1 2 4 32 40 48
1 2 4 32 8 19
1 2 4 32 8 21
1 2 4 32 8 25
1 2 4 32 8 49
1 2 4 32 8 22
1 2 4 32 8 26
1 2 4 32 8 50
1 2 4 32 8 28
1 2 4 32 8 52
1 2 4 32 8 56
7 2 8 4 16 32
11 2 8 4 16 32
19 2 8 4 16 32
35 2 8 4 16 32
3 3 8 4 16 32
3 6 8 4 16 32
3 10 8 4 16 32
3 18 8 4 16 32
3 34 8 4 16 32
3 2 9 4 16 32
3 2 10 4 16 32
3 2 12 4 16 32
3 2 24 4 16 32
3 2 40 4 16 32
3 2 8 5 16 32
3 2 8 6 16 32
3 2 8 12 16 32
3 2 8 20 16 32
3 2 8 36 16 32
3 2 8 4 17 32
3 2 8 4 18 32
3 2 8 4 20 32
3 2 8 4 24 32
3 2 8 4 48 32
3 2 8 4 16 33
3 2 8 4 16 34
3 2 8 4 16 36
3 2 8 4 16 40
3 2 8 4 16 48
13 2 8 4 16 32
21 2 8 4 16 32
37 2 8 4 16 32
5 3 8 4 16 32
5 6 8 4 16 32
5 10 8 4 16 32
5 18 8 4 16 32
5 34 8 4 16 32
5 2 9 4 16 32
5 2 10 4 16 32
5 2 12 4 16 32
5 2 24 4 16 32
5 2 40 4 16 32
5 2 8 5 16 32
5 2 8 6 16 32
5 2 8 12 16 32
5 2 8 20 16 32
5 2 8 36 16 32
5 2 8 4 17 32
5 2 8 4 18 32
5 2 8 4 20 32
5 2 8 4 24 32
5 2 8 4 48 32
5 2 8 4 16 33
5 2 8 4 16 34
5 2 8 4 16 36
5 2 8 4 16 40
5 2 8 4 16 48
25 2 8 4 16 32
41 2 8 4 16 32
9 3 8 4 16 32
9 6 8 4 16 32
9 10 8 4 16 32
9 18 8 4 16 32
9 34 8 4 16 32
9 2 9 4 16 32
9 2 10 4 16 32
9 2 12 4 16 32
9 2 24 4 16 32
9 2 40 4 16 32
9 2 8 5 16 32
9 2 8 6 16 32
9 2 8 12 16 32
9 2 8 20 16 32
9 2 8 36 16 32
9 2 8 4 17 32
9 2 8 4 18 32
9 2 8 4 20 32
9 2 8 4 24 32
9 2 8 4 48 32
9 2 8 4 16 33
9 2 8 4 16 34
9 2 8 4 16 36
9 2 8 4 16 40
9 2 8 4 16 48
49 2 8 4 16 32
17 3 8 4 16 32
17 6 8 4 16 32
17 10 8 4 16 32
17 18 8 4 16 32
17 34 8 4 16 32
17 2 9 4 16 32
17 2 10 4 16 32
17 2 12 4 16 32
17 2 24 4 16 32
17 2 40 4 16 32
17 2 8 5 16 32
17 2 8 6 16 32
17 2 8 12 16 32
17 2 8 20 16 32
17 2 8 36 16 32
17 2 8 4 17 32
17 2 8 4 18 32
17 2 8 4 20 32
17 2 8 4 24 32
17 2 8 4 48 32
17 2 8 4 16 33
17 2 8 4 16 34
17 2 8 4 16 36
17 2 8 4 16 40
17 2 8 4 16 48
33 3 8 4 16 32
33 6 8 4 16 32
33 10 8 4 16 32
33 18 8 4 16 32
33 34 8 4 16 32
33 2 9 4 16 32
33 2 10 4 16 32
33 2 12 4 16 32
33 2 24 4 16 32
33 2 40 4 16 32
33 2 8 5 16 32
33 2 8 6 16 32
33 2 8 12 16 32
33 2 8 20 16 32
33 2 8 36 16 32
33 2 8 4 17 32
33 2 8 4 18 32
33 2 8 4 20 32
33 2 8 4 24 32
33 2 8 4 48 32
33 2 8 4 16 33
33 2 8 4 16 34
33 2 8 4 16 36
33 2 8 4 16 40
33 2 8 4 16 48
1 7 8 4 16 32
1 11 8 4 16 32
1 19 8 4 16 32
1 35 8 4 16 32
1 3 9 4 16 32
1 3 10 4 16 32
1 3 12 4 16 32
1 3 24 4 16 32
1 3 40 4 16 32
1 3 8 5 16 32
1 3 8 6 16 32
1 3 8 12 16 32
1 3 8 20 16 32
1 3 8 36 16 32
1 3 8 4 17 32
1 3 8 4 18 32
1 3 8 4 20 32
1 3 8 4 24 32
1 3 8 4 48 32
1 3 8 4 16 33
1 3 8 4 16 34
1 3 8 4 16 36
1 3 8 4 16 40
1 3 8 4 16 48
1 14 8 4 16 32
1 22 8 4 16 32
1 38 8 4 16 32
1 6 9 4 16 32
1 6 10 4 16 32
1 6 12 4 16 32
1 6 24 4 16 32
1 6 40 4 16 32
1 6 8 5 16 32
1 6 8 6 16 32
1 6 8 12 16 32
1 6 8 20 16 32
1 6 8 36 16 32
1 6 8 4 17 32
1 6 8 4 18 32
1 6 8 4 20 32
1 6 8 4 24 32
1 6 8 4 48 32
1 6 8 4 16 33
1 6 8 4 16 34
1 6 8 4 16 36
1 6 8 4 16 40
1 6 8 4 16 48
1 26 8 4 16 32
1 42 8 4 16 32
1 10 9 4 16 32
1 10 10 4 16 32
1 10 12 4 16 32
1 10 24 4 16 32
1 10 40 4 16 32
1 10 8 5 16 32
1 10 8 6 16 32
1 10 8 12 16 32
1 10 8 20 16 32
1 10 8 36 16 32
1 10 8 4 17 32
1 10 8 4 18 32
1 10 8 4 20 32
1 10 8 4 24 32
1 10 8 4 48 32
1 10 8 4 16 33
1 10 8 4 16 34
1 10 8 4 16 36
1 10 8 4 16 40
1 10 8 4 16 48
1 50 8 4 16 32
1 18 9 4 16 32
1 18 10 4 16 32
1 18 12 4 16 32
1 18 24 4 16 32
1 18 40 4 16 32
1 18 8 5 16 32
1 18 8 6 16 32
1 18 8 12 16 32
1 18 8 20 16 32
1 18 8 36 16 32
1 18 8 4 17 32
1 18 8 4 18 32
1 18 8 4 20 32
1 18 8 4 24 32
1 18 8 4 48 32
1 18 8 4 16 33
1 18 8 4 16 34
1 18 8 4 16 36
1 18 8 4 16 40
1 18 8 4 16 48
1 34 9 4 16 32
1 34 10 4 16 32
1 34 12 4 16 32
1 34 24 4 16 32
1 34 40 4 16 32
1 34 8 5 16 32
1 34 8 6 16 32
1 34 8 12 16 32
1 34 8 20 16 32
1 34 8 36 16 32
1 34 8 4 17 32
1 34 8 4 18 32
1 34 8 4 20 32
1 34 8 4 24 32
1 34 8 4 48 32
1 34 8 4 16 33
1 34 8 4 16 34
1 34 8 4 16 36
1 34 8 4 16 40
1 34 8 4 16 48
1 2 11 4 16 32
1 2 13 4 16 32
1 2 25 4 16 32
1 2 41 4 16 32
1 2 9 5 16 32
1 2 9 6 16 32
1 2 9 12 16 32
1 2 9 20 16 32
1 2 9 36 16 32
1 2 9 4 17 32
1 2 9 4 18 32
1 2 9 4 20 32
1 2 9 4 24 32
1 2 9 4 48 32
1 2 9 4 16 33
1 2 9 4 16 34
1 2 9 4 16 36
1 2 9 4 16 40
1 2 9 4 16 48
1 2 14 4 16 32
1 2 26 4 16 32
1 2 42 4 16 32
1 2 10 5 16 32
1 2 10 6 16 32
1 2 10 12 16 32
1 2 10 20 16 32
1 2 10 36 16 32
1 2 10 4 17 32
1 2 10 4 18 32
1 2 10 4 20 32
1 2 10 4 24 32
1 2 10 4 48 32
1 2 10 4 16 33
1 2 10 4 16 34
1 2 10 4 16 36
1 2 10 4 16 40
1 2 10 4 16 48
1 2 28 4 16 32
1 2 44 4 16 32
1 2 12 5 16 32
1 2 12 6 16 32
1 2 12 12 16 32
1 2 12 20 16 32
1 2 12 36 16 32
1 2 12 4 17 32
1 2 12 4 18 32
1 2 12 4 20 32
1 2 12 4 24 32
1 2 12 4 48 32
1 2 12 4 16 33
1 2 12 4 16 34
1 2 12 4 16 36
1 2 12 4 16 40
1 2 12 4 16 48
1 2 56 4 16 32
1 2 24 5 16 32
1 2 24 6 16 32
1 2 24 12 16 32
1 2 24 20 16 32
1 2 24 36 16 32
1 2 24 4 17 32
1 2 24 4 18 32
1 2 24 4 20 32
1 2 24 4 24 32
1 2 24 4 48 32
1 2 24 4 16 33
1 2 24 4 16 34
1 2 24 4 16 36
1 2 24 4 16 40
1 2 24 4 16 48
1 2 40 5 16 32
1 2 40 6 16 32
1 2 40 12 16 32
1 2 40 20 16 32
1 2 40 36 16 32
1 2 40 4 17 32
1 2 40 4 18 32
1 2 40 4 20 32
1 2 40 4 24 32
1 2 40 4 48 32
1 2 40 4 16 33
1 2 40 4 16 34
1 2 40 4 16 36
1 2 40 4 16 40
1 2 40 4 16 48
1 2 8 7 16 32
1 2 8 13 16 32
1 2 8 21 16 32
1 2 8 37 16 32
1 2 8 5 17 32
1 2 8 5 18 32
1 2 8 5 20 32
1 2 8 5 24 32
1 2 8 5 48 32
1 2 8 5 16 33
1 2 8 5 16 34
1 2 8 5 16 36
1 2 8 5 16 40
1 2 8 5 16 48
1 2 8 14 16 32
1 2 8 22 16 32
1 2 8 38 16 32
1 2 8 6 17 32
1 2 8 6 18 32
1 2 8 6 20 32
1 2 8 6 24 32
1 2 8 6 48 32
1 2 8 6 16 33
1 2 8 6 16 34
1 2 8 6 16 36
1 2 8 6 16 40
1 2 8 6 16 48
1 2 8 28 16 32
1 2 8 44 16 32
1 2 8 12 17 32
1 2 8 12 18 32
1 2 8 12 20 32
1 2 8 12 24 32
1 2 8 12 48 32
1 2 8 12 16 33
1 2 8 12 16 34
1 2 8 12 16 36
1 2 8 12 16 40
1 2 8 12 16 48
1 2 8 52 16 32
1 2 8 20 17 32
1 2 8 20 18 32
1 2 8 20 20 32
1 2 8 20 24 32
1 2 8 20 48 32
1 2 8 20 16 33
1 2 8 20 16 34
1 2 8 20 16 36
1 2 8 20 16 40
1 2 8 20 16 48
1 2 8 36 17 32
1 2 8 36 18 32
1 2 8 36 20 32
1 2 8 36 24 32
1 2 8 36 48 32
1 2 8 36 16 33
1 2 8 36 16 34
1 2 8 36 16 36
1 2 8 36 16 40
1 2 8 36 16 48
1 2 8 4 19 32
1 2 8 4 21 32
1 2 8 4 25 32
1 2 8 4 49 32
1 2 8 4 17 33
1 2 8 4 17 34
1 2 8 4 17 36
1 2 8 4 17 40
1 2 8 4 17 48
1 2 8 4 22 32
1 2 8 4 26 32
1 2 8 4 50 32
1 2 8 4 18 33
1 2 8 4 18 34
1 2 8 4 18 36
1 2 8 4 18 40
1 2 8 4 18 48
1 2 8 4 28 32
1 2 8 4 52 32
1 2 8 4 20 33
1 2 8 4 20 34
1 2 8 4 20 36
1 2 8 4 20 40
1 2 8 4 20 48
1 2 8 4 56 32
1 2 8 4 24 33
1 2 8 4 24 34
1 2 8 4 24 36
1 2 8 4 24 40
1 2 8 4 24 48
1 2 8 4 48 33
1 2 8 4 48 34
1 2 8 4 48 36
1 2 8 4 48 40
1 2 8 4 48 48
1 2 8 4 16 35
1 2 8 4 16 37
1 2 8 4 16 41
1 2 8 4 16 49
1 2 8 4 16 38
1 2 8 4 16 42
1 2 8 4 16 50
1 2 8 4 16 44
1 2 8 4 16 52
1 2 8 4 16 56
7 2 8 4 32 16
11 2 8 4 32 16
19 2 8 4 32 16
35 2 8 4 32 16
3 3 8 4 32 16
3 6 8 4 32 16
3 10 8 4 32 16
3 18 8 4 32 16
3 34 8 4 32 16
3 2 9 4 32 16
3 2 10 4 32 16
3 2 12 4 32 16
3 2 24 4 32 16
3 2 40 4 32 16
3 2 8 5 32 16
3 2 8 6 32 16
3 2 8 12 32 16
3 2 8 20 32 16
3 2 8 36 32 16
3 2 8 4 33 16
3 2 8 4 34 16
3 2 8 4 36 16
3 2 8 4 40 16
3 2 8 4 48 16
3 2 8 4 32 17
3 2 8 4 32 18
3 2 8 4 32 20
3 2 8 4 32 24
3 2 8 4 32 48
13 2 8 4 32 16
21 2 8 4 32 16
37 2 8 4 32 16
5 3 8 4 32 16
5 6 8 4 32 16
5 10 8 4 32 16
5 18 8 4 32 16
5 34 8 4 32 16
5 2 9 4 32 16
5 2 10 4 32 16
5 2 12 4 32 16
5 2 24 4 32 16
5 2 40 4 32 16
5 2 8 5 32 16
5 2 8 6 32 16
5 2 8 12 32 16
5 2 8 20 32 16
5 2 8 36 32 16
5 2 8 4 33 16
5 2 8 4 34 16
5 2 8 4 36 16
5 2 8 4 40 16
5 2 8 4 48 16
5 2 8 4 32 17
5 2 8 4 32 18
5 2 8 4 32 20
5 2 8 4 32 24
5 2 8 4 32 48
25 2 8 4 32 16
41 2 8 4 32 16
9 3 8 4 32 16
9 6 8 4 32 16
9 10 8 4 32 16
9 18 8 4 32 16
9 34 8 4 32 16
9 2 9 4 32 16
9 2 10 4 32 16
9 2 12 4 32 16
9 2 24 4 32 16
9 2 40 4 32 16
9 2 8 5 32 16
9 2 8 6 32 16
9 2 8 12 32 16
9 2 8 20 32 16
9 2 8 36 32 16
9 2 8 4 33 16
9 2 8 4 34 16
9 2 8 4 36 16
9 2 8 4 40 16
9 2 8 4 48 16
9 2 8 4 32 17
9 2 8 4 32 18
9 2 8 4 32 20
9 2 8 4 32 24
9 2 8 4 32 48
49 2 8 4 32 16
17 3 8 4 32 16
17 6 8 4 32 16
17 10 8 4 32 16
17 18 8 4 32 16
17 34 8 4 32 16
17 2 9 4 32 16
17 2 10 4 32 16
17 2 12 4 32 16
17 2 24 4 32 16
17 2 40 4 32 16
17 2 8 5 32 16
17 2 8 6 32 16
17 2 8 12 32 16
17 2 8 20 32 16
17 2 8 36 32 16
17 2 8 4 33 16
17 2 8 4 34 16
17 2 8 4 36 16
17 2 8 4 40 16
17 2 8 4 48 16
17 2 8 4 32 17
17 2 8 4 32 18
17 2 8 4 32 20
17 2 8 4 32 24
17 2 8 4 32 48
33 3 8 4 32 16
33 6 8 4 32 16
33 10 8 4 32 16
33 18 8 4 32 16
33 34 8 4 32 16
33 2 9 4 32 16
33 2 10 4 32 16
33 2 12 4 32 16
33 2 24 4 32 16
33 2 40 4 32 16
33 2 8 5 32 16
33 2 8 6 32 16
33 2 8 12 32 16
33 2 8 20 32 16
33 2 8 36 32 16
33 2 8 4 33 16
33 2 8 4 34 16
33 2 8 4 36 16
33 2 8 4 40 16
33 2 8 4 48 16
33 2 8 4 32 17
33 2 8 4 32 18
33 2 8 4 32 20
33 2 8 4 32 24
33 2 8 4 32 48
1 7 8 4 32 16
1 11 8 4 32 16
1 19 8 4 32 16
1 35 8 4 32 16
1 3 9 4 32 16
1 3 10 4 32 16
1 3 12 4 32 16
1 3 24 4 32 16
1 3 40 4 32 16
1 3 8 5 32 16
1 3 8 6 32 16
1 3 8 12 32 16
1 3 8 20 32 16
1 3 8 36 32 16
1 3 8 4 33 16
1 3 8 4 34 16
1 3 8 4 36 16
1 3 8 4 40 16
1 3 8 4 48 16
1 3 8 4 32 17
1 3 8 4 32 18
1 3 8 4 32 20
1 3 8 4 32 24
1 3 8 4 32 48
1 14 8 4 32 16
1 22 8 4 32 16
1 38 8 4 32 16
1 6 9 4 32 16
1 6 10 4 32 16
1 6 12 4 32 16
1 6 24 4 32 16
1 6 40 4 32 16
1 6 8 5 32 16
1 6 8 6 32 16
1 6 8 12 32 16
1 6 8 20 32 16
1 6 8 36 32 16
1 6 8 4 33 16
1 6 8 4 34 16
1 6 8 4 36 16
1 6 8 4 40 16
1 6 8 4 48 16
1 6 8 4 32 17
1 6 8 4 32 18
1 6 8 4 32 20
1 6 8 4 32 24
1 6 8 4 32 48
1 26 8 4 32 16
1 42 8 4 32 16
1 10 9 4 32 16
1 10 10 4 32 16
1 10 12 4 32 16
1 10 24 4 32 16
1 10 40 4 32 16
1 10 8 5 32 16
1 10 8 6 32 16
1 10 8 12 32 16
1 10 8 20 32 16
1 10 8 36 32 16
1 10 8 4 33 16
1 10 8 4 34 16
1 10 8 4 36 16
1 10 8 4 40 16
1 10 8 4 48 16
1 10 8 4 32 17
1 10 8 4 32 18
1 10 8 4 32 20
1 10 8 4 32 24
1 10 8 4 32 48
1 50 8 4 32 16
1 18 9 4 32 16
1 18 10 4 32 16
1 18 12 4 32 16
1 18 24 4 32 16
1 18 40 4 32 16
1 18 8 5 32 16
1 18 8 6 32 16
1 18 8 12 32 16
1 18 8 20 32 16
1 18 8 36 32 16
1 18 8 4 33 16
1 18 8 4 34 16
1 18 8 4 36 16
1 18 8 4 40 16
1 18 8 4 48 16
1 18 8 4 32 17
1 18 8 4 32 18
1 18 8 4 32 20
1 18 8 4 32 24
1 18 8 4 32 48
1 34 9 4 32 16
1 34 10 4 32 16
1 34 12 4 32 16
1 34 24 4 32 16
1 34 40 4 32 16
1 34 8 5 32 16
1 34 8 6 32 16
1 34 8 12 32 16
1 34 8 20 32 16
1 34 8 36 32 16
1 34 8 4 33 16
1 34 8 4 34 16
1 34 8 4 36 16
1 34 8 4 40 16
1 34 8 4 48 16
1 34 8 4 32 17
1 34 8 4 32 18
1 34 8 4 32 20
1 34 8 4 32 24
1 34 8 4 32 48
1 2 11 4 32 16
1 2 13 4 32 16
1 2 25 4 32 16
1 2 41 4 32 16
1 2 9 5 32 16
1 2 9 6 32 16
1 2 9 12 32 16
1 2 9 20 32 16
1 2 9 36 32 16
1 2 9 4 33 16
1 2 9 4 34 16
1 2 9 4 36 16
1 2 9 4 40 16
1 2 9 4 48 16
1 2 9 4 32 17
1 2 9 4 32 18
1 2 9 4 32 20
1 2 9 4 32 24
1 2 9 4 32 48
1 2 14 4 32 16
1 2 26 4 32 16
1 2 42 4 32 16
1 2 10 5 32 16
1 2 10 6 32 16
1 2 10 12 32 16
1 2 10 20 32 16
1 2 10 36 32 16
1 2 10 4 33 16
1 2 10 4 34 16
1 2 10 4 36 16
1 2 10 4 40 16
1 2 10 4 48 16
1 2 10 4 32 17
1 2 10 4 32 18
1 2 10 4 32 20
1 2 10 4 32 24
1 2 10 4 32 48
1 2 28 4 32 16
1 2 44 4 32 16
1 2 12 5 32 16
1 2 12 6 32 16
1 2 12 12 32 16
1 2 12 20 32 16
1 2 12 36 32 16
1 2 12 4 33 16
1 2 12 4 34 16
1 2 12 4 36 16
1 2 12 4 40 16
1 2 12 4 48 16
1 2 12 4 32 17
1 2 12 4 32 18
1 2 12 4 32 20
1 2 12 4 32 24
1 2 12 4 32 48
1 2 56 4 32 16
1 2 24 5 32 16
1 2 24 6 32 16
1 2 24 12 32 16
1 2 24 20 32 16
1 2 24 36 32 16
1 2 24 4 33 16
1 2 24 4 34 16
1 2 24 4 36 16
1 2 24 4 40 16
1 2 24 4 48 16
1 2 24 4 32 17
1 2 24 4 32 18
1 2 24 4 32 20
1 2 24 4 32 24
1 2 24 4 32 48
1 2 40 5 32 16
1 2 40 6 32 16
1 2 40 12 32 16
1 2 40 20 32 16
1 2 40 36 32 16
1 2 40 4 33 16
1 2 40 4 34 16
1 2 40 4 36 16
1 2 40 4 40 16
1 2 40 4 48 16
1 2 40 4 32 17
1 2 40 4 32 18
1 2 40 4 32 20
1 2 40 4 32 24
1 2 40 4 32 48
1 2 8 7 32 16
1 2 8 13 32 16
1 2 8 21 32 16
1 2 8 37 32 16
1 2 8 5 33 16
1 2 8 5 34 16
1 2 8 5 36 16
1 2 8 5 40 16
1 2 8 5 48 16
1 2 8 5 32 17
1 2 8 5 32 18
1 2 8 5 32 20
1 2 8 5 32 24
1 2 8 5 32 48
1 2 8 14 32 16
1 2 8 22 32 16
1 2 8 38 32 16
1 2 8 6 33 16
1 2 8 6 34 16
1 2 8 6 36 16
1 2 8 6 40 16
1 2 8 6 48 16
1 2 8 6 32 17
1 2 8 6 32 18
1 2 8 6 32 20
1 2 8 6 32 24
1 2 8 6 32 48
1 2 8 28 32 16
1 2 8 44 32 16
1 2 8 12 33 16
1 2 8 12 34 16
1 2 8 12 36 16
1 2 8 12 40 16
1 2 8 12 48 16
1 2 8 12 32 17
1 2 8 12 32 18
1 2 8 12 32 20
1 2 8 12 32 24
1 2 8 12 32 48
1 2 8 52 32 16
1 2 8 20 33 16
1 2 8 20 34 16
1 2 8 20 36 16
1 2 8 20 40 16
1 2 8 20 48 16
1 2 8 20 32 17
1 2 8 20 32 18
1 2 8 20 32 20
1 2 8 20 32 24
1 2 8 20 32 48
1 2 8 36 33 16
1 2 8 36 34 16
1 2 8 36 36 16
1 2 8 36 40 16
1 2 8 36 48 16
1 2 8 36 32 17
1 2 8 36 32 18
1 2 8 36 32 20
1 2 8 36 32 24
1 2 8 36 32 48
1 2 8 4 35 16
1 2 8 4 37 16
1 2 8 4 41 16
1 2 8 4 49 16
1 2 8 4 33 17
1 2 8 4 33 18
1 2 8 4 33 20
1 2 8 4 33 24
1 2 8 4 33 48
1 2 8 4 38 16
1 2 8 4 42 16
1 2 8 4 50 16
1 2 8 4 34 17
1 2 8 4 34 18
1 2 8 4 34 20
1 2 8 4 34 24
1 2 8 4 34 48
1 2 8 4 44 16
1 2 8 4 52 16
1 2 8 4 36 17
1 2 8 4 36 18
1 2 8 4 36 20
1 2 8 4 36 24
1 2 8 4 36 48
1 2 8 4 56 16
1 2 8 4 40 17
1 2 8 4 40 18
1 2 8 4 40 20
1 2 8 4 40 24
1 2 8 4 40 48
1 2 8 4 48 17
1 2 8 4 48 18
1 2 8 4 48 20
1 2 8 4 48 24
1 2 8 4 48 48
1 2 8 4 32 19
1 2 8 4 32 21
1 2 8 4 32 25
1 2 8 4 32 49
1 2 8 4 32 22
1 2 8 4 32 26
1 2 8 4 32 50
1 2 8 4 32 28
1 2 8 4 32 52
1 2 8 4 32 56
7 2 8 16 4 32
11 2 8 16 4 32
19 2 8 16 4 32
35 2 8 16 4 32
3 3 8 16 4 32
3 6 8 16 4 32
3 10 8 16 4 32
3 18 8 16 4 32
3 34 8 16 4 32
3 2 9 16 4 32
3 2 10 16 4 32
3 2 12 16 4 32
3 2 24 16 4 32
3 2 40 16 4 32
3 2 8 17 4 32
3 2 8 18 4 32
3 2 8 20 4 32
3 2 8 24 4 32
3 2 8 48 4 32
3 2 8 16 5 32
3 2 8 16 6 32
3 2 8 16 12 32
3 2 8 16 20 32
3 2 8 16 36 32
3 2 8 16 4 33
3 2 8 16 4 34
3 2 8 16 4 36
3 2 8 16 4 40
3 2 8 16 4 48
13 2 8 16 4 32
21 2 8 16 4 32
37 2 8 16 4 32
5 3 8 16 4 32
5 6 8 16 4 32
5 10 8 16 4 32
5 18 8 16 4 32
5 34 8 16 4 32
5 2 9 16 4 32
5 2 10 16 4 32
5 2 12 16 4 32
5 2 24 16 4 32
5 2 40 16 4 32
5 2 8 17 4 32
5 2 8 18 4 32
5 2 8 20 4 32
5 2 8 24 4 32
5 2 8 48 4 32
5 2 8 16 5 32
5 2 8 16 6 32
5 2 8 16 12 32
5 2 8 16 20 32
5 2 8 16 36 32
5 2 8 16 4 33
5 2 8 16 4 34
5 2 8 16 4 36
5 2 8 16 4 40
5 2 8 16 4 48
25 2 8 16 4 32
41 2 8 16 4 32
9 3 8 16 4 32
9 6 8 16 4 32
9 10 8 16 4 32
9 18 8 16 4 32
9 34 8 16 4 32
9 2 9 16 4 32
9 2 10 16 4 32
9 2 12 16 4 32
9 2 24 16 4 32
9 2 40 16 4 32
9 2 8 17 4 32
9 2 8 18 4 32
9 2 8 20 4 32
9 2 8 24 4 32
9 2 8 48 4 32
9 2 8 16 5 32
9 2 8 16 6 32
9 2 8 16 12 32
9 2 8 16 20 32
9 2 8 16 36 32
9 2 8 16 4 33
9 2 8 16 4 34
9 2 8 16 4 36
9 2 8 16 4 40
9 2 8 16 4 48
49 2 8 16 4 32
17 3 8 16 4 32
17 6 8 16 4 32
17 10 8 16 4 32
17 18 8 16 4 32
17 34 8 16 4 32
17 2 9 16 4 32
17 2 10 16 4 32
17 2 12 16 4 32
17 2 24 16 4 32
17 2 40 16 4 32
17 2 8 17 4 32
17 2 8 18 4 32
17 2 8 20 4 32
17 2 8 24 4 32
17 2 8 48 4 32
17 2 8 16 5 32
17 2 8 16 6 32
17 2 8 16 12 32
17 2 8 16 20 32
17 2 8 16 36 32
17 2 8 16 4 33
17 2 8 16 4 34
17 2 8 16 4 36
17 2 8 16 4 40
17 2 8 16 4 48
33 3 8 16 4 32
33 6 8 16 4 32
33 10 8 16 4 32
33 18 8 16 4 32
33 34 8 16 4 32
33 2 9 16 4 32
33 2 10 16 4 32
33 2 12 16 4 32
33 2 24 16 4 32
33 2 40 16 4 32
33 2 8 17 4 32
33 2 8 18 4 32
33 2 8 20 4 32
33 2 8 24 4 32
33 2 8 48 4 32
33 2 8 16 5 32
33 2 8 16 6 32
33 2 8 16 12 32
33 2 8 16 20 32
33 2 8 16 36 32
33 2 8 16 4 33
33 2 8 16 4 34
33 2 8 16 4 36
33 2 8 16 4 40
33 2 8 16 4 48
1 7 8 16 4 32
1 11 8 16 4 32
1 19 8 16 4 32
1 35 8 16 4 32
1 3 9 16 4 32
1 3 10 16 4 32
1 3 12 16 4 32
1 3 24 16 4 32
1 3 40 16 4 32
1 3 8 17 4 32
1 3 8 18 4 32
1 3 8 20 4 32
1 3 8 24 4 32
1 3 8 48 4 32
1 3 8 16 5 32
1 3 8 16 6 32
1 3 8 16 12 32
1 3 8 16 20 32
1 3 8 16 36 32
1 3 8 16 4 33
1 3 8 16 4 34
1 3 8 16 4 36
1 3 8 16 4 40
1 3 8 16 4 48
1 14 8 16 4 32
1 22 8 16 4 32
1 38 8 16 4 32
1 6 9 16 4 32
1 6 10 16 4 32
1 6 12 16 4 32
1 6 24 16 4 32
1 6 40 16 4 32
1 6 8 17 4 32
1 6 8 18 4 32
1 6 8 20 4 32
1 6 8 24 4 32
1 6 8 48 4 32
1 6 8 16 5 32
1 6 8 16 6 32
1 6 8 16 12 32
1 6 8 16 20 32
1 6 8 16 36 32
1 6 8 16 4 33
1 6 8 16 4 34
1 6 8 16 4 36
1 6 8 16 4 40
1 6 8 16 4 48
1 26 8 16 4 32
1 42 8 16 4 32
1 10 9 16 4 32
1 10 10 16 4 32
1 10 12 16 4 32
1 10 24 16 4 32
1 10 40 16 4 32
1 10 8 17 4 32
1 10 8 18 4 32
1 10 8 20 4 32
1 10 8 24 4 32
1 10 8 48 4 32
1 10 8 16 5 32
1 10 8 16 6 32
1 10 8 16 12 32
1 10 8 16 20 32
1 10 8 16 36 32
1 10 8 16 4 33
1 10 8 16 4 34
1 10 8 16 4 36
1 10 8 16 4 40
1 10 8 16 4 48
1 50 8 16 4 32
1 18 9 16 4 32
1 18 10 16 4 32
1 18 12 16 4 32
1 18 24 16 4 32
1 18 40 16 4 32
1 18 8 17 4 32
1 18 8 18 4 32
1 18 8 20 4 32
1 18 8 24 4 32
1 18 8 48 4 32
1 18 8 16 5 32
1 18 8 16 6 32
1 18 8 16 12 32
1 18 8 16 20 32
1 18 8 16 36 32
1 18 8 16 4 33
1 18 8 16 4 34
1 18 8 16 4 36
1 18 8 16 4 40
1 18 8 16 4 48
1 34 9 16 4 32
1 34 10 16 4 32
1 34 12 16 4 32
1 34 24 16 4 32
1 34 40 16 4 32
1 34 8 17 4 32
1 34 8 18 4 32
1 34 8 20 4 32
1 34 8 24 4 32
1 34 8 48 4 32
1 34 8 16 5 32
1 34 8 16 6 32
1 34 8 16 12 32
1 34 8 16 20 32
1 34 8 16 36 32
1 34 8 16 4 33
1 34 8 16 4 34
1 34 8 16 4 36
1 34 8 16 4 40
1 34 8 16 4 48
1 2 11 16 4 32
1 2 13 16 4 32
1 2 25 16 4 32
1 2 41 16 4 32
1 2 9 17 4 32
1 2 9 18 4 32
1 2 9 20 4 32
1 2 9 24 4 32
1 2 9 48 4 32
1 2 9 16 5 32
1 2 9 16 6 32
1 2 9 16 12 32
1 2 9 16 20 32
1 2 9 16 36 32
1 2 9 16 4 33
1 2 9 16 4 34
1 2 9 16 4 36
1 2 9 16 4 40
1 2 9 16 4 48
1 2 14 16 4 32
1 2 26 16 4 32
1 2 42 16 4 32
1 2 10 17 4 32
1 2 10 18 4 32
1 2 10 20 4 32
1 2 10 24 4 32
1 2 10 48 4 32
1 2 10 16 5 32
1 2 10 16 6 32
1 2 10 16 12 32
1 2 10 16 20 32
1 2 10 16 36 32
1 2 10 16 4 33
1 2 10 16 4 34
1 2 10 16 4 36
1 2 10 16 4 40
1 2 10 16 4 48
1 2 28 16 4 32
1 2 44 16 4 32
1 2 12 17 4 32
1 2 12 18 4 32
1 2 12 20 4 32
1 2 12 24 4 32
1 2 12 48 4 32
1 2 12 16 5 32
1 2 12 16 6 32
1 2 12 16 12 32
1 2 12 16 20 32
1 2 12 16 36 32
1 2 12 16 4 33
1 2 12 16 4 34
1 2 12 16 4 36
1 2 12 16 4 40
1 2 12 16 4 48
1 2 56 16 4 32
1 2 24 17 4 32
1 2 24 18 4 32
1 2 24 20 4 32
1 2 24 24 4 32
1 2 24 48 4 32
1 2 24 16 5 32
1 2 24 16 6 32
1 2 24 16 12 32
1 2 24 16 20 32
1 2 24 16 36 32
1 2 24 16 4 33
1 2 24 16 4 34
1 2 24 16 4 36
1 2 24 16 4 40
1 2 24 16 4 48
1 2 40 17 4 32
1 2 40 18 4 32
1 2 40 20 4 32
1 2 40 24 4 32
1 2 40 48 4 32
1 2 40 16 5 32
1 2 40 16 6 32
1 2 40 16 12 32
1 2 40 16 20 32
1 2 40 16 36 32
1 2 40 16 4 33
1 2 40 16 4 34
1 2 40 16 4 36
1 2 40 16 4 40
1 2 40 16 4 48
1 2 8 19 4 32
1 2 8 21 4 32
1 2 8 25 4 32
1 2 8 49 4 32
1 2 8 17 5 32
1 2 8 17 6 32
1 2 8 17 12 32
1 2 8 17 20 32
1 2 8 17 36 32
1 2 8 17 4 33
1 2 8 17 4 34
1 2 8 17 4 36
1 2 8 17 4 40
1 2 8 17 4 48
1 2 8 22 4 32
1 2 8 26 4 32
1 2 8 50 4 32
1 2 8 18 5 32
1 2 8 18 6 32
1 2 8 18 12 32
1 2 8 18 20 32
1 2 8 18 36 32
1 2 8 18 4 33
1 2 8 18 4 34
1 2 8 18 4 36
1 2 8 18 4 40
1 2 8 18 4 48
1 2 8 28 4 32
1 2 8 52 4 32
1 2 8 20 5 32
1 2 8 20 6 32
1 2 8 20 12 32
1 2 8 20 20 32
1 2 8 20 36 32
1 2 8 20 4 33
1 2 8 20 4 34
1 2 8 20 4 36
1 2 8 20 4 40
1 2 8 20 4 48
1 2 8 56 4 32
1 2 8 24 5 32
1 2 8 24 6 32
1 2 8 24 12 32
1 2 8 24 20 32
1 2 8 24 36 32
1 2 8 24 4 33
1 2 8 24 4 34
1 2 8 24 4 36
1 2 8 24 4 40
1 2 8 24 4 48
1 2 8 48 5 32
1 2 8 48 6 32
1 2 8 48 12 32
1 2 8 48 20 32
1 2 8 48 36 32
1 2 8 48 4 33
1 2 8 48 4 34
1 2 8 48 4 36
1 2 8 48 4 40
1 2 8 48 4 48
1 2 8 16 7 32
1 2 8 16 13 32
1 2 8 16 21 32
1 2 8 16 37 32
1 2 8 16 5 33
1 2 8 16 5 34
1 2 8 16 5 36
1 2 8 16 5 40
1 2 8 16 5 48
1 2 8 16 14 32
1 2 8 16 22 32
1 2 8 16 38 32
1 2 8 16 6 33
1 2 8 16 6 34
1 2 8 16 6 36
1 2 8 16 6 40
1 2 8 16 6 48
1 2 8 16 28 32
1 2 8 16 44 32
1 2 8 16 12 33
1 2 8 16 12 34
1 2 8 16 12 36
1 2 8 16 12 40
1 2 8 16 12 48
1 2 8 16 52 32
1 2 8 16 20 33
1 2 8 16 20 34
1 2 8 16 20 36
1 2 8 16 20 40
1 2 8 16 20 48
1 2 8 16 36 33
1 2 8 16 36 34
1 2 8 16 36 36
1 2 8 16 36 40
1 2 8 16 36 48
1 2 8 16 4 35
1 2 8 16 4 37
1 2 8 16 4 41
1 2 8 16 4 49
1 2 8 16 4 38
1 2 8 16 4 42
1 2 8 16 4 50
1 2 8 16 4 44
1 2 8 16 4 52
1 2 8 16 4 56
7 2 8 16 32 4
11 2 8 16 32 4
19 2 8 16 32 4
35 2 8 16 32 4
3 3 8 16 32 4
3 6 8 16 32 4
3 10 8 16 32 4
3 18 8 16 32 4
3 34 8 16 32 4
3 2 9 16 32 4
3 2 10 16 32 4
3 2 12 16 32 4
3 2 24 16 32 4
3 2 40 16 32 4
3 2 8 17 32 4
3 2 8 18 32 4
3 2 8 20 32 4
3 2 8 24 32 4
3 2 8 48 32 4
3 2 8 16 33 4
3 2 8 16 34 4
3 2 8 16 36 4
3 2 8 16 40 4
3 2 8 16 48 4
3 2 8 16 32 5
3 2 8 16 32 6
3 2 8 16 32 12
3 2 8 16 32 20
3 2 8 16 32 36
13 2 8 16 32 4
21 2 8 16 32 4
37 2 8 16 32 4
5 3 8 16 32 4
5 6 8 16 32 4
5 10 8 16 32 4
5 18 8 16 32 4
5 34 8 16 32 4
5 2 9 16 32 4
5 2 10 16 32 4
5 2 12 16 32 4
5 2 24 16 32 4
5 2 40 16 32 4
5 2 8 17 32 4
5 2 8 18 32 4
5 2 8 20 32 4
5 2 8 24 32 4
5 2 8 48 32 4
5 2 8 16 33 4
5 2 8 16 34 4
5 2 8 16 36 4
5 2 8 16 40 4
5 2 8 16 48 4
5 2 8 16 32 5
5 2 8 16 32 6
5 2 8 16 32 12
5 2 8 16 32 20
5 2 8 16 32 36
25 2 8 16 32 4
41 2 8 16 32 4
9 3 8 16 32 4
9 6 8 16 32 4
9 10 8 16 32 4
9 18 8 16 32 4
9 34 8 16 32 4
9 2 9 16 32 4
9 2 10 16 32 4
9 2 12 16 32 4
9 2 24 16 32 4
9 2 40 16 32 4
9 2 8 17 32 4
9 2 8 18 32 4
9 2 8 20 32 4
9 2 8 24 32 4
9 2 8 48 32 4
9 2 8 16 33 4
9 2 8 16 34 4
9 2 8 16 36 4
9 2 8 16 40 4
9 2 8 16 48 4
9 2 8 16 32 5
9 2 8 16 32 6
9 2 8 16 32 12
9 2 8 16 32 20
9 2 8 16 32 36
49 2 8 16 32 4
17 3 8 16 32 4
17 6 8 16 32 4
17 10 8 16 32 4
17 18 8 16 32 4
17 34 8 16 32 4
17 2 9 16 32 4
17 2 10 16 32 4
17 2 12 16 32 4
17 2 24 16 32 4
17 2 40 16 32 4
17 2 8 17 32 4
17 2 8 18 32 4
17 2 8 20 32 4
17 2 8 24 32 4
17 2 8 48 32 4
17 2 8 16 33 4
17 2 8 16 34 4
17 2 8 16 36 4
17 2 8 16 40 4
17 2 8 16 48 4
17 2 8 16 32 5
17 2 8 16 32 6
17 2 8 16 32 12
17 2 8 16 32 20
17 2 8 16 32 36
33 3 8 16 32 4
33 6 8 16 32 4
33 10 8 16 32 4
33 18 8 16 32 4
33 34 8 16 32 4
33 2 9 16 32 4
33 2 10 16 32 4
33 2 12 16 32 4
33 2 24 16 32 4
33 2 40 16 32 4
33 2 8 17 32 4
33 2 8 18 32 4
33 2 8 20 32 4
33 2 8 24 32 4
33 2 8 48 32 4
33 2 8 16 33 4
33 2 8 16 34 4
33 2 8 16 36 4
33 2 8 16 40 4
33 2 8 16 48 4
33 2 8 16 32 5
33 2 8 16 32 6
33 2 8 16 32 12
33 2 8 16 32 20
33 2 8 16 32 36
1 7 8 16 32 4
1 11 8 16 32 4
1 19 8 16 32 4
1 35 8 16 32 4
1 3 9 16 32 4
1 3 10 16 32 4
1 3 12 16 32 4
1 3 24 16 32 4
1 3 40 16 32 4
1 3 8 17 32 4
1 3 8 18 32 4
1 3 8 20 32 4
1 3 8 24 32 4
1 3 8 48 32 4
1 3 8 16 33 4
1 3 8 16 34 4
1 3 8 16 36 4
1 3 8 16 40 4
1 3 8 16 48 4
1 3 8 16 32 5
1 3 8 16 32 6
1 3 8 16 32 12
1 3 8 16 32 20
1 3 8 16 32 36
1 14 8 16 32 4
1 22 8 16 32 4
1 38 8 16 32 4
1 6 9 16 32 4
1 6 10 16 32 4
1 6 12 16 32 4
1 6 24 16 32 4
1 6 40 16 32 4
1 6 8 17 32 4
1 6 8 18 32 4
1 6 8 20 32 4
1 6 8 24 32 4
1 6 8 48 32 4
1 6 8 16 33 4
1 6 8 16 34 4
1 6 8 16 36 4
1 6 8 16 40 4
1 6 8 16 48 4
1 6 8 16 32 5
1 6 8 16 32 6
1 6 8 16 32 12
1 6 8 16 32 20
1 6 8 16 32 36
1 26 8 16 32 4
1 42 8 16 32 4
1 10 9 16 32 4
1 10 10 16 32 4
1 10 12 16 32 4
1 10 24 16 32 4
1 10 40 16 32 4
1 10 8 17 32 4
1 10 8 18 32 4
1 10 8 20 32 4
1 10 8 24 32 4
1 10 8 48 32 4
1 10 8 16 33 4
1 10 8 16 34 4
1 10 8 16 36 4
1 10 8 16 40 4
1 10 8 16 48 4
1 10 8 16 32 5
1 10 8 16 32 6
1 10 8 16 32 12
1 10 8 16 32 20
1 10 8 16 32 36
1 50 8 16 32 4
1 18 9 16 32 4
1 18 10 16 32 4
1 18 12 16 32 4
1 18 24 16 32 4
1 18 40 16 32 4
1 18 8 17 32 4
1 18 8 18 32 4
1 18 8 20 32 4
1 18 8 24 32 4
1 18 8 48 32 4
1 18 8 16 33 4
1 18 8 16 34 4
1 18 8 16 36 4
1 18 8 16 40 4
1 18 8 16 48 4
1 18 8 16 32 5
1 18 8 16 32 6
1 18 8 16 32 12
1 18 8 16 32 20
1 18 8 16 32 36
1 34 9 16 32 4
1 34 10 16 32 4
1 34 12 16 32 4
1 34 24 16 32 4
1 34 40 16 32 4
1 34 8 17 32 4
1 34 8 18 32 4
1 34 8 20 32 4
1 34 8 24 32 4
1 34 8 48 32 4
1 34 8 16 33 4
1 34 8 16 34 4
1 34 8 16 36 4
1 34 8 16 40 4
1 34 8 16 48 4
1 34 8 16 32 5
1 34 8 16 32 6
1 34 8 16 32 12
1 34 8 16 32 20
1 34 8 16 32 36
1 2 11 16 32 4
1 2 13 16 32 4
1 2 25 16 32 4
1 2 41 16 32 4
1 2 9 17 32 4
1 2 9 18 32 4
1 2 9 20 32 4
1 2 9 24 32 4
1 2 9 48 32 4
1 2 9 16 33 4
1 2 9 16 34 4
1 2 9 16 36 4
1 2 9 16 40 4
1 2 9 16 48 4
1 2 9 16 32 5
1 2 9 16 32 6
1 2 9 16 32 12
1 2 9 16 32 20
1 2 9 16 32 36
1 2 14 16 32 4
1 2 26 16 32 4
1 2 42 16 32 4
1 2 10 17 32 4
1 2 10 18 32 4
1 2 10 20 32 4
1 2 10 24 32 4
1 2 10 48 32 4
1 2 10 16 33 4
1 2 10 16 34 4
1 2 10 16 36 4
1 2 10 16 40 4
1 2 10 16 48 4
1 2 10 16 32 5
1 2 10 16 32 6
1 2 10 16 32 12
1 2 10 16 32 20
1 2 10 16 32 36
1 2 28 16 32 4
1 2 44 16 32 4
1 2 12 17 32 4
1 2 12 18 32 4
1 2 12 20 32 4
1 2 12 24 32 4
1 2 12 48 32 4
1 2 12 16 33 4
1 2 12 16 34 4
1 2 12 16 36 4
1 2 12 16 40 4
1 2 12 16 48 4
1 2 12 16 32 5
1 2 12 16 32 6
1 2 12 16 32 12
1 2 12 16 32 20
1 2 12 16 32 36
1 2 56 16 32 4
1 2 24 17 32 4
1 2 24 18 32 4
1 2 24 20 32 4
1 2 24 24 32 4
1 2 24 48 32 4
1 2 24 16 33 4
1 2 24 16 34 4
1 2 24 16 36 4
1 2 24 16 40 4
1 2 24 16 48 4
1 2 24 16 32 5
1 2 24 16 32 6
1 2 24 16 32 12
1 2 24 16 32 20
1 2 24 16 32 36
1 2 40 17 32 4
1 2 40 18 32 4
1 2 40 20 32 4
1 2 40 24 32 4
1 2 40 48 32 4
1 2 40 16 33 4
1 2 40 16 34 4
1 2 40 16 36 4
1 2 40 16 40 4
1 2 40 16 48 4
1 2 40 16 32 5
1 2 40 16 32 6
1 2 40 16 32 12
1 2 40 16 32 20
1 2 40 16 32 36
1 2 8 19 32 4
1 2 8 21 32 4
1 2 8 25 32 4
1 2 8 49 32 4
1 2 8 17 33 4
1 2 8 17 34 4
1 2 8 17 36 4
1 2 8 17 40 4
1 2 8 17 48 4
1 2 8 17 32 5
1 2 8 17 32 6
1 2 8 17 32 12
1 2 8 17 32 20
1 2 8 17 32 36
1 2 8 22 32 4
1 2 8 26 32 4
1 2 8 50 32 4
1 2 8 18 33 4
1 2 8 18 34 4
1 2 8 18 36 4
1 2 8 18 40 4
1 2 8 18 48 4
1 2 8 18 32 5
1 2 8 18 32 6
1 2 8 18 32 12
1 2 8 18 32 20
1 2 8 18 32 36
1 2 8 28 32 4
1 2 8 52 32 4
1 2 8 20 33 4
1 2 8 20 34 4
1 2 8 20 36 4
1 2 8 20 40 4
1 2 8 20 48 4
1 2 8 20 32 5
1 2 8 20 32 6
1 2 8 20 32 12
1 2 8 20 32 20
1 2 8 20 32 36
1 2 8 56 32 4
1 2 8 24 33 4
1 2 8 24 34 4
1 2 8 24 36 4
1 2 8 24 40 4
1 2 8 24 48 4
1 2 8 24 32 5
1 2 8 24 32 6
1 2 8 24 32 12
1 2 8 24 32 20
1 2 8 24 32 36
1 2 8 48 33 4
1 2 8 48 34 4
1 2 8 48 36 4
1 2 8 48 40 4
1 2 8 48 48 4
1 2 8 48 32 5
1 2 8 48 32 6
1 2 8 48 32 12
1 2 8 48 32 20
1 2 8 48 32 36
1 2 8 16 35 4
1 2 8 16 37 4
1 2 8 16 41 4
1 2 8 16 49 4
1 2 8 16 33 5
1 2 8 16 33 6
1 2 8 16 33 12
1 2 8 16 33 20
1 2 8 16 33 36
1 2 8 16 38 4
1 2 8 16 42 4
1 2 8 16 50 4
1 2 8 16 34 5
1 2 8 16 34 6
1 2 8 16 34 12
1 2 8 16 34 20
1 2 8 16 34 36
1 2 8 16 44 4
1 2 8 16 52 4
1 2 8 16 36 5
1 2 8 16 36 6
1 2 8 16 36 12
1 2 8 16 36 20
1 2 8 16 36 36
1 2 8 16 56 4
1 2 8 16 40 5
1 2 8 16 40 6
1 2 8 16 40 12
1 2 8 16 40 20
1 2 8 16 40 36
1 2 8 16 48 5
1 2 8 16 48 6
1 2 8 16 48 12
1 2 8 16 48 20
1 2 8 16 48 36
1 2 8 16 32 7
1 2 8 16 32 13
1 2 8 16 32 21
1 2 8 16 32 37
1 2 8 16 32 14
1 2 8 16 32 22
1 2 8 16 32 38
1 2 8 16 32 28
1 2 8 16 32 44
1 2 8 16 32 52
7 2 8 32 16 4
11 2 8 32 16 4
19 2 8 32 16 4
35 2 8 32 16 4
3 3 8 32 16 4
3 6 8 32 16 4
3 10 8 32 16 4
3 18 8 32 16 4
3 34 8 32 16 4
3 2 9 32 16 4
3 2 10 32 16 4
3 2 12 32 16 4
3 2 24 32 16 4
3 2 40 32 16 4
3 2 8 33 16 4
3 2 8 34 16 4
3 2 8 36 16 4
3 2 8 40 16 4
3 2 8 48 16 4
3 2 8 32 17 4
3 2 8 32 18 4
3 2 8 32 20 4
3 2 8 32 24 4
3 2 8 32 48 4
3 2 8 32 16 5
3 2 8 32 16 6
3 2 8 32 16 12
3 2 8 32 16 20
3 2 8 32 16 36
13 2 8 32 16 4
21 2 8 32 16 4
37 2 8 32 16 4
5 3 8 32 16 4
5 6 8 32 16 4
5 10 8 32 16 4
5 18 8 32 16 4
5 34 8 32 16 4
5 2 9 32 16 4
5 2 10 32 16 4
5 2 12 32 16 4
5 2 24 32 16 4
5 2 40 32 16 4
5 2 8 33 16 4
5 2 8 34 16 4
5 2 8 36 16 4
5 2 8 40 16 4
5 2 8 48 16 4
5 2 8 32 17 4
5 2 8 32 18 4
5 2 8 32 20 4
5 2 8 32 24 4
5 2 8 32 48 4
5 2 8 32 16 5
5 2 8 32 16 6
5 2 8 32 16 12
5 2 8 32 16 20
5 2 8 32 16 36
25 2 8 32 16 4
41 2 8 32 16 4
9 3 8 32 16 4
9 6 8 32 16 4
9 10 8 32 16 4
9 18 8 32 16 4
9 34 8 32 16 4
9 2 9 32 16 4
9 2 10 32 16 4
9 2 12 32 16 4
9 2 24 32 16 4
9 2 40 32 16 4
9 2 8 33 16 4
9 2 8 34 16 4
9 2 8 36 16 4
9 2 8 40 16 4
9 2 8 48 16 4
9 2 8 32 17 4
9 2 8 32 18 4
9 2 8 32 20 4
9 2 8 32 24 4
9 2 8 32 48 4
9 2 8 32 16 5
9 2 8 32 16 6
9 2 8 32 16 12
9 2 8 32 16 20
9 2 8 32 16 36
49 2 8 32 16 4
17 3 8 32 16 4
17 6 8 32 16 4
17 10 8 32 16 4
17 18 8 32 16 4
17 34 8 32 16 4
17 2 9 32 16 4
17 2 10 32 16 4
17 2 12 32 16 4
17 2 24 32 16 4
17 2 40 32 16 4
17 2 8 33 16 4
17 2 8 34 16 4
17 2 8 36 16 4
17 2 8 40 16 4
17 2 8 48 16 4
17 2 8 32 17 4
17 2 8 32 18 4
17 2 8 32 20 4
17 2 8 32 24 4
17 2 8 32 48 4
17 2 8 32 16 5
17 2 8 32 16 6
17 2 8 32 16 12
17 2 8 32 16 20
17 2 8 32 16 36
33 3 8 32 16 4
33 6 8 32 16 4
33 10 8 32 16 4
33 18 8 32 16 4
33 34 8 32 16 4
33 2 9 32 16 4
33 2 10 32 16 4
33 2 12 32 16 4
33 2 24 32 16 4
33 2 40 32 16 4
33 2 8 33 16 4
33 2 8 34 16 4
33 2 8 36 16 4
33 2 8 40 16 4
33 2 8 48 16 4
33 2 8 32 17 4
33 2 8 32 18 4
33 2 8 32 20 4
33 2 8 32 24 4
33 2 8 32 48 4
33 2 8 32 16 5
33 2 8 32 16 6
33 2 8 32 16 12
33 2 8 32 16 20
33 2 8 32 16 36
1 7 8 32 16 4
1 11 8 32 16 4
1 19 8 32 16 4
1 35 8 32 16 4
1 3 9 32 16 4
1 3 10 32 16 4
1 3 12 32 16 4
1 3 24 32 16 4
1 3 40 32 16 4
1 3 8 33 16 4
1 3 8 34 16 4
1 3 8 36 16 4
1 3 8 40 16 4
1 3 8 48 16 4
1 3 8 32 17 4
1 3 8 32 18 4
1 3 8 32 20 4
1 3 8 32 24 4
1 3 8 32 48 4
1 3 8 32 16 5
1 3 8 32 16 6
1 3 8 32 16 12
1 3 8 32 16 20
1 3 8 32 16 36
1 14 8 32 16 4
1 22 8 32 16 4
1 38 8 32 16 4
1 6 9 32 16 4
1 6 10 32 16 4
1 6 12 32 16 4
1 6 24 32 16 4
1 6 40 32 16 4
1 6 8 33 16 4
1 6 8 34 16 4
1 6 8 36 16 4
1 6 8 40 16 4
1 6 8 48 16 4
1 6 8 32 17 4
1 6 8 32 18 4
1 6 8 32 20 4
1 6 8 32 24 4
1 6 8 32 48 4
1 6 8 32 16 5
1 6 8 32 16 6
1 6 8 32 16 12
1 6 8 32 16 20
1 6 8 32 16 36
1 26 8 32 16 4
1 42 8 32 16 4
1 10 9 32 16 4
1 10 10 32 16 4
1 10 12 32 16 4
1 10 24 32 16 4
1 10 40 32 16 4
1 10 8 33 16 4
1 10 8 34 16 4
1 10 8 36 16 4
1 10 8 40 16 4
1 10 8 48 16 4
1 10 8 32 17 4
1 10 8 32 18 4
1 10 8 32 20 4
1 10 8 32 24 4
1 10 8 32 48 4
1 10 8 32 16 5
1 10 8 32 16 6
1 10 8 32 16 12
1 10 8 32 16 20
1 10 8 32 16 36
1 50 8 32 16 4
1 18 9 32 16 4
1 18 10 32 16 4
1 18 12 32 16 4
1 18 24 32 16 4
1 18 40 32 16 4
1 18 8 33 16 4
1 18 8 34 16 4
1 18 8 36 16 4
1 18 8 40 16 4
1 18 8 48 16 4
1 18 8 32 17 4
1 18 8 32 18 4
1 18 8 32 20 4
1 18 8 32 24 4
1 18 8 32 48 4
1 18 8 32 16 5
1 18 8 32 16 6
1 18 8 32 16 12
1 18 8 32 16 20
1 18 8 32 16 36
1 34 9 32 16 4
1 34 10 32 16 4
1 34 12 32 16 4
1 34 24 32 16 4
1 34 40 32 16 4
1 34 8 33 16 4
1 34 8 34 16 4
1 34 8 36 16 4
1 34 8 40 16 4
1 34 8 48 16 4
1 34 8 32 17 4
1 34 8 32 18 4
1 34 8 32 20 4
1 34 8 32 24 4
1 34 8 32 48 4
1 34 8 32 16 5
1 34 8 32 16 6
1 34 8 32 16 12
1 34 8 32 16 20
1 34 8 32 16 36
1 2 11 32 16 4
1 2 13 32 16 4
1 2 25 32 16 4
1 2 41 32 16 4
1 2 9 33 16 4
1 2 9 34 16 4
1 2 9 36 16 4
1 2 9 40 16 4
1 2 9 48 16 4
1 2 9 32 17 4
1 2 9 32 18 4
1 2 9 32 20 4
1 2 9 32 24 4
1 2 9 32 48 4
1 2 9 32 16 5
1 2 9 32 16 6
1 2 9 32 16 12
1 2 9 32 16 20
1 2 9 32 16 36
1 2 14 32 16 4
1 2 26 32 16 4
1 2 42 32 16 4
1 2 10 33 16 4
1 2 10 34 16 4
1 2 10 36 16 4
1 2 10 40 16 4
1 2 10 48 16 4
1 2 10 32 17 4
1 2 10 32 18 4
1 2 10 32 20 4
1 2 10 32 24 4
1 2 10 32 48 4
1 2 10 32 16 5
1 2 10 32 16 6
1 2 10 32 16 12
1 2 10 32 16 20
1 2 10 32 16 36
1 2 28 32 16 4
1 2 44 32 16 4
1 2 12 33 16 4
1 2 12 34 16 4
1 2 12 36 16 4
1 2 12 40 16 4
1 2 12 48 16 4
1 2 12 32 17 4
1 2 12 32 18 4
1 2 12 32 20 4
1 2 12 32 24 4
1 2 12 32 48 4
1 2 12 32 16 5
1 2 12 32 16 6
1 2 12 32 16 12
1 2 12 32 16 20
1 2 12 32 16 36
1 2 56 32 16 4
1 2 24 33 16 4
1 2 24 34 16 4
1 2 24 36 16 4
1 2 24 40 16 4
1 2 24 48 16 4
1 2 24 32 17 4
1 2 24 32 18 4
1 2 24 32 20 4
1 2 24 32 24 4
1 2 24 32 48 4
1 2 24 32 16 5
1 2 24 32 16 6
1 2 24 32 16 12
1 2 24 32 16 20
1 2 24 32 16 36
1 2 40 33 16 4
1 2 40 34 16 4
1 2 40 36 16 4
1 2 40 40 16 4
1 2 40 48 16 4
1 2 40 32 17 4
1 2 40 32 18 4
1 2 40 32 20 4
1 2 40 32 24 4
1 2 40 32 48 4
1 2 40 32 16 5
1 2 40 32 16 6
1 2 40 32 16 12
1 2 40 32 16 20
1 2 40 32 16 36
1 2 8 35 16 4
1 2 8 37 16 4
1 2 8 41 16 4
1 2 8 49 16 4
1 2 8 33 17 4
1 2 8 33 18 4
1 2 8 33 20 4
1 2 8 33 24 4
1 2 8 33 48 4
1 2 8 33 16 5
1 2 8 33 16 6
1 2 8 33 16 12
1 2 8 33 16 20
1 2 8 33 16 36
1 2 8 38 16 4
1 2 8 42 16 4
1 2 8 50 16 4
1 2 8 34 17 4
1 2 8 34 18 4
1 2 8 34 20 4
1 2 8 34 24 4
1 2 8 34 48 4
1 2 8 34 16 5
1 2 8 34 16 6
1 2 8 34 16 12
1 2 8 34 16 20
1 2 8 34 16 36
1 2 8 44 16 4
1 2 8 52 16 4
1 2 8 36 17 4
1 2 8 36 18 4
1 2 8 36 20 4
1 2 8 36 24 4
1 2 8 36 48 4
1 2 8 36 16 5
1 2 8 36 16 6
1 2 8 36 16 12
1 2 8 36 16 20
1 2 8 36 16 36
1 2 8 56 16 4
1 2 8 40 17 4
1 2 8 40 18 4
1 2 8 40 20 4
1 2 8 40 24 4
1 2 8 40 48 4
1 2 8 40 16 5
1 2 8 40 16 6
1 2 8 40 16 12
1 2 8 40 16 20
1 2 8 40 16 36
1 2 8 48 17 4
1 2 8 48 18 4
1 2 8 48 20 4
1 2 8 48 24 4
1 2 8 48 48 4
1 2 8 48 16 5
1 2 8 48 16 6
1 2 8 48 16 12
1 2 8 48 16 20
1 2 8 48 16 36
1 2 8 32 19 4
1 2 8 32 21 4
1 2 8 32 25 4
1 2 8 32 49 4
1 2 8 32 17 5
1 2 8 32 17 6
1 2 8 32 17 12
1 2 8 32 17 20
1 2 8 32 17 36
1 2 8 32 22 4
1 2 8 32 26 4
1 2 8 32 50 4
1 2 8 32 18 5
1 2 8 32 18 6
1 2 8 32 18 12
1 2 8 32 18 20
1 2 8 32 18 36
1 2 8 32 28 4
1 2 8 32 52 4
1 2 8 32 20 5
1 2 8 32 20 6
1 2 8 32 20 12
1 2 8 32 20 20
1 2 8 32 20 36
1 2 8 32 56 4
1 2 8 32 24 5
1 2 8 32 24 6
1 2 8 32 24 12
1 2 8 32 24 20
1 2 8 32 24 36
1 2 8 32 48 5
1 2 8 32 48 6
1 2 8 32 48 12
1 2 8 32 48 20
1 2 8 32 48 36
1 2 8 32 16 7
1 2 8 32 16 13
1 2 8 32 16 21
1 2 8 32 16 37
1 2 8 32 16 14
1 2 8 32 16 22
1 2 8 32 16 38
1 2 8 32 16 28
1 2 8 32 16 44
1 2 8 32 16 52
7 2 8 32 4 16
11 2 8 32 4 16
19 2 8 32 4 16
35 2 8 32 4 16
3 3 8 32 4 16
3 6 8 32 4 16
3 10 8 32 4 16
3 18 8 32 4 16
3 34 8 32 4 16
3 2 9 32 4 16
3 2 10 32 4 16
3 2 12 32 4 16
3 2 24 32 4 16
3 2 40 32 4 16
3 2 8 33 4 16
3 2 8 34 4 16
3 2 8 36 4 16
3 2 8 40 4 16
3 2 8 48 4 16
3 2 8 32 5 16
3 2 8 32 6 16
3 2 8 32 12 16
3 2 8 32 20 16
3 2 8 32 36 16
3 2 8 32 4 17
3 2 8 32 4 18
3 2 8 32 4 20
3 2 8 32 4 24
3 2 8 32 4 48
13 2 8 32 4 16
21 2 8 32 4 16
37 2 8 32 4 16
5 3 8 32 4 16
5 6 8 32 4 16
5 10 8 32 4 16
5 18 8 32 4 16
5 34 8 32 4 16
5 2 9 32 4 16
5 2 10 32 4 16
5 2 12 32 4 16
5 2 24 32 4 16
5 2 40 32 4 16
5 2 8 33 4 16
5 2 8 34 4 16
5 2 8 36 4 16
5 2 8 40 4 16
5 2 8 48 4 16
5 2 8 32 5 16
5 2 8 32 6 16
5 2 8 32 12 16
5 2 8 32 20 16
5 2 8 32 36 16
5 2 8 32 4 17
5 2 8 32 4 18
5 2 8 32 4 20
5 2 8 32 4 24
5 2 8 32 4 48
25 2 8 32 4 16
41 2 8 32 4 16
9 3 8 32 4 16
9 6 8 32 4 16
9 10 8 32 4 16
9 18 8 32 4 16
9 34 8 32 4 16
9 2 9 32 4 16
9 2 10 32 4 16
9 2 12 32 4 16
9 2 24 32 4 16
9 2 40 32 4 16
9 2 8 33 4 16
9 2 8 34 4 16
9 2 8 36 4 16
9 2 8 40 4 16
9 2 8 48 4 16
9 2 8 32 5 16
9 2 8 32 6 16
9 2 8 32 12 16
9 2 8 32 20 16
9 2 8 32 36 16
9 2 8 32 4 17
9 2 8 32 4 18
9 2 8 32 4 20
9 2 8 32 4 24
9 2 8 32 4 48
49 2 8 32 4 16
17 3 8 32 4 16
17 6 8 32 4 16
17 10 8 32 4 16
17 18 8 32 4 16
17 34 8 32 4 16
17 2 9 32 4 16
17 2 10 32 4 16
17 2 12 32 4 16
17 2 24 32 4 16
17 2 40 32 4 16
17 2 8 33 4 16
17 2 8 34 4 16
17 2 8 36 4 16
17 2 8 40 4 16
17 2 8 48 4 16
17 2 8 32 5 16
17 2 8 32 6 16
17 2 8 32 12 16
17 2 8 32 20 16
17 2 8 32 36 16
17 2 8 32 4 17
17 2 8 32 4 18
17 2 8 32 4 20
17 2 8 32 4 24
17 2 8 32 4 48
33 3 8 32 4 16
33 6 8 32 4 16
33 10 8 32 4 16
33 18 8 32 4 16
33 34 8 32 4 16
33 2 9 32 4 16
33 2 10 32 4 16
33 2 12 32 4 16
33 2 24 32 4 16
33 2 40 32 4 16
33 2 8 33 4 16
33 2 8 34 4 16
33 2 8 36 4 16
33 2 8 40 4 16
33 2 8 48 4 16
33 2 8 32 5 16
33 2 8 32 6 16
33 2 8 32 12 16
33 2 8 32 20 16
33 2 8 32 36 16
33 2 8 32 4 17
33 2 8 32 4 18
33 2 8 32 4 20
33 2 8 32 4 24
33 2 8 32 4 48
1 7 8 32 4 16
1 11 8 32 4 16
1 19 8 32 4 16
1 35 8 32 4 16
1 3 9 32 4 16
1 3 10 32 4 16
1 3 12 32 4 16
1 3 24 32 4 16
1 3 40 32 4 16
1 3 8 33 4 16
1 3 8 34 4 16
1 3 8 36 4 16
1 3 8 40 4 16
1 3 8 48 4 16
1 3 8 32 5 16
1 3 8 32 6 16
1 3 8 32 12 16
1 3 8 32 20 16
1 3 8 32 36 16
1 3 8 32 4 17
1 3 8 32 4 18
1 3 8 32 4 20
1 3 8 32 4 24
1 3 8 32 4 48
1 14 8 32 4 16
1 22 8 32 4 16
1 38 8 32 4 16
1 6 9 32 4 16
1 6 10 32 4 16
1 6 12 32 4 16
1 6 24 32 4 16
1 6 40 32 4 16
1 6 8 33 4 16
1 6 8 34 4 16
1 6 8 36 4 16
1 6 8 40 4 16
1 6 8 48 4 16
1 6 8 32 5 16
1 6 8 32 6 16
1 6 8 32 12 16
1 6 8 32 20 16
1 6 8 32 36 16
1 6 8 32 4 17
1 6 8 32 4 18
1 6 8 32 4 20
1 6 8 32 4 24
1 6 8 32 4 48
1 26 8 32 4 16
1 42 8 32 4 16
1 10 9 32 4 16
1 10 10 32 4 16
1 10 12 32 4 16
1 10 24 32 4 16
1 10 40 32 4 16
1 10 8 33 4 16
1 10 8 34 4 16
1 10 8 36 4 16
1 10 8 40 4 16
1 10 8 48 4 16
1 10 8 32 5 16
1 10 8 32 6 16
1 10 8 32 12 16
1 10 8 32 20 16
1 10 8 32 36 16
1 10 8 32 4 17
1 10 8 32 4 18
1 10 8 32 4 20
1 10 8 32 4 24
1 10 8 32 4 48
1 50 8 32 4 16
1 18 9 32 4 16
1 18 10 32 4 16
1 18 12 32 4 16
1 18 24 32 4 16
1 18 40 32 4 16
1 18 8 33 4 16
1 18 8 34 4 16
1 18 8 36 4 16
1 18 8 40 4 16
1 18 8 48 4 16
