S:     0    12       5.77 5.26 6.49 0.43 6.09 4.95 3.15 3.46 7.55 6.82 6.69 3.62
M:     0    12  3.62 3.62 5.26 6.49 0.43 6.09 4.95 3.15 3.46 7.55 6.82 6.69 5.77
P:     0    12     3 0.43 3.46 3.15 3.62 6.09 4.95 6.49 5.26 7.55 6.82 6.69 5.77
S:     0     3       0.43 3.46 3.15 3.62 6.09 4.95 6.49 5.26 7.55 6.82 6.69 5.77
M:     0     3  3.15 3.15 3.46 0.43 3.62 6.09 4.95 6.49 5.26 7.55 6.82 6.69 5.77
P:     0     3     1 0.43 3.15 3.46 3.62 6.09 4.95 6.49 5.26 7.55 6.82 6.69 5.77
S:     4     8       0.43 3.15 3.46 3.62 6.09 4.95 6.49 5.26 7.55 6.82 6.69 5.77
M:     4     8  6.09 0.43 3.15 3.46 3.62 6.09 4.95 6.49 5.26 7.55 6.82 6.69 5.77
P:     4     8     7 0.43 3.15 3.46 3.62 5.26 4.95 5.77 6.09 7.55 6.82 6.69 6.49
S:     4     3       0.43 3.15 3.46 3.62 5.26 4.95 5.77 6.09 7.55 6.82 6.69 6.49
M:     4     3  5.26 0.43 3.15 3.46 3.62 5.26 4.95 5.77 6.09 7.55 6.82 6.69 6.49
P:     4     3     5 0.43 3.15 3.46 3.62 4.95 5.26 5.77 6.09 7.55 6.82 6.69 6.49
S:     8     4       0.43 3.15 3.46 3.62 4.95 5.26 5.77 6.09 7.55 6.82 6.69 6.49
M:     8     4  6.69 0.43 3.15 3.46 3.62 4.95 5.26 5.77 6.09 6.69 6.82 7.55 6.49
P:     8     4     9 0.43 3.15 3.46 3.62 4.95 5.26 5.77 6.09 6.49 6.69 7.55 6.82
S:    10     2       0.43 3.15 3.46 3.62 4.95 5.26 5.77 6.09 6.49 6.69 7.55 6.82
                     0.43 3.15 3.46 3.62 4.95 5.26 5.77 6.09 6.49 6.69 6.82 7.55
